57,167,190,148
6.090404e+01,1.664774e+02,1.906848e+02,1.485335e+02
6.226453e+01,1.656764e+02,1.900984e+02,1.480767e+02
6.540047e+01,1.637196e+02,1.915167e+02,1.491815e+02
6.744829e+01,1.640635e+02,1.916277e+02,1.492679e+02
7.048725e+01,1.641323e+02,1.924418e+02,1.499021e+02
7.462250e+01,1.661837e+02,1.894245e+02,1.475521e+02
7.600168e+01,1.677743e+02,1.910178e+02,1.487928e+02
7.906487e+01,1.693752e+02,1.926970e+02,1.501008e+02
8.237168e+01,1.728552e+02,1.899185e+02,1.479365e+02
8.791603e+01,1.762759e+02,1.888713e+02,1.471209e+02
8.978960e+01,1.786971e+02,1.907885e+02,1.486143e+02
9.132640e+01,1.796821e+02,1.935265e+02,1.507474e+02
9.410855e+01,1.794526e+02,1.939803e+02,1.511005e+02
9.989848e+01,1.810203e+02,1.937651e+02,1.509329e+02
1.057263e+02,1.827315e+02,1.944351e+02,1.514548e+02
1.095166e+02,1.823055e+02,1.948353e+02,1.517665e+02
1.154348e+02,1.822040e+02,1.943672e+02,1.514022e+02
1.206268e+02,1.824217e+02,1.946048e+02,1.515875e+02
1.296673e+02,1.823340e+02,1.938907e+02,1.510311e+02
1.378686e+02,1.820184e+02,1.956050e+02,1.523672e+02
1.445394e+02,1.788899e+02,1.962220e+02,1.528472e+02
1.533427e+02,1.784738e+02,1.964330e+02,1.530119e+02
1.577651e+02,1.773988e+02,2.000162e+02,1.558045e+02
1.724206e+02,1.750149e+02,1.956264e+02,1.523839e+02
1.817912e+02,1.755831e+02,1.941129e+02,1.512038e+02
1.906201e+02,1.720637e+02,1.935229e+02,1.507489e+02
1.948726e+02,1.676615e+02,1.946170e+02,1.515974e+02
2.071205e+02,1.675238e+02,1.909560e+02,1.487468e+02
2.105944e+02,1.631052e+02,1.955527e+02,1.523254e+02
2.150291e+02,1.579920e+02,1.990591e+02,1.550567e+02
2.234806e+02,1.580495e+02,1.961206e+02,1.527707e+02
2.323325e+02,1.556375e+02,1.918905e+02,1.494726e+02
2.363972e+02,1.528932e+02,1.931179e+02,1.504287e+02
2.383534e+02,1.507609e+02,1.958647e+02,1.525685e+02
2.427220e+02,1.457262e+02,1.966591e+02,1.531884e+02
2.515639e+02,1.396674e+02,1.888117e+02,1.470778e+02
2.543556e+02,1.354199e+02,1.902421e+02,1.481887e+02
2.560094e+02,1.325546e+02,1.911488e+02,1.488960e+02
2.599418e+02,1.258741e+02,1.902608e+02,1.482047e+02
2.607560e+02,1.245379e+02,1.903128e+02,1.482460e+02
2.620614e+02,1.240391e+02,1.890803e+02,1.472846e+02
2.607571e+02,1.221058e+02,1.928362e+02,1.502100e+02
2.644884e+02,1.221491e+02,1.877977e+02,1.462879e+02
2.631981e+02,1.219066e+02,1.874625e+02,1.460272e+02
2.609672e+02,1.209737e+02,1.925407e+02,1.499794e+02
2.604687e+02,1.198414e+02,1.929003e+02,1.502665e+02
2.604761e+02,1.193320e+02,1.916914e+02,1.493175e+02
2.623616e+02,1.202649e+02,1.903264e+02,1.482543e+02
2.636310e+02,1.220701e+02,1.891210e+02,1.473153e+02
2.608038e+02,1.204118e+02,1.927200e+02,1.501221e+02
2.650670e+02,1.204285e+02,1.890558e+02,1.472663e+02
2.669072e+02,1.191241e+02,1.883311e+02,1.467001e+02
2.635032e+02,1.200065e+02,1.912084e+02,1.489424e+02
2.639283e+02,1.192067e+02,1.892731e+02,1.474339e+02
2.690090e+02,1.153952e+02,1.871638e+02,1.457922e+02
2.652358e+02,1.164465e+02,1.935051e+02,1.507314e+02
2.752739e+02,1.167835e+02,1.860759e+02,1.449435e+02
2.771743e+02,1.167822e+02,1.868821e+02,1.455719e+02
2.772866e+02,1.152497e+02,1.886817e+02,1.469760e+02
2.786443e+02,1.126490e+02,1.895589e+02,1.476579e+02
2.796770e+02,1.111945e+02,1.910942e+02,1.488551e+02
2.999178e+02,1.137260e+02,1.902251e+02,1.481816e+02
3.007532e+02,1.157343e+02,1.886650e+02,1.469639e+02
3.081472e+02,1.085356e+02,1.889693e+02,1.472030e+02
3.341102e+02,1.101352e+02,1.811652e+02,1.411187e+02
3.391218e+02,1.107699e+02,1.843824e+02,1.436247e+02
3.525728e+02,1.079694e+02,1.842661e+02,1.435361e+02
3.565442e+02,1.051932e+02,1.896406e+02,1.477219e+02
3.690504e+02,1.053636e+02,1.894716e+02,1.475884e+02
3.798032e+02,1.051379e+02,1.923140e+02,1.498027e+02
3.890415e+02,1.049832e+02,1.916015e+02,1.492485e+02
4.021247e+02,1.073880e+02,1.888267e+02,1.470874e+02
4.135241e+02,1.082176e+02,1.880958e+02,1.465177e+02
4.163139e+02,1.081150e+02,1.905359e+02,1.484202e+02
4.252700e+02,1.043249e+02,1.915723e+02,1.492250e+02
4.359406e+02,1.079744e+02,1.846051e+02,1.438007e+02
4.363002e+02,1.097264e+02,1.909252e+02,1.487207e+02
4.434359e+02,1.070119e+02,1.871426e+02,1.457745e+02
4.436423e+02,1.085243e+02,1.890700e+02,1.472759e+02
4.505454e+02,1.109510e+02,1.823440e+02,1.420367e+02
4.478287e+02,1.104228e+02,1.878287e+02,1.463087e+02
4.478341e+02,1.126141e+02,1.840866e+02,1.433949e+02
4.477423e+02,1.145617e+02,1.847559e+02,1.439159e+02
4.460423e+02,1.149526e+02,1.856283e+02,1.445952e+02
4.440215e+02,1.154276e+02,1.858960e+02,1.448038e+02
4.444653e+02,1.150661e+02,1.857239e+02,1.446710e+02
4.433417e+02,1.172088e+02,1.823258e+02,1.420226e+02
4.398631e+02,1.185198e+02,1.808317e+02,1.408601e+02
4.372371e+02,1.172070e+02,1.811637e+02,1.411187e+02
4.368015e+02,1.170721e+02,1.809939e+02,1.409852e+02
4.357702e+02,1.185076e+02,1.806498e+02,1.407168e+02
4.336770e+02,1.160308e+02,1.786699e+02,1.391772e+02
4.242408e+02,1.147086e+02,1.846520e+02,1.438357e+02
4.248197e+02,1.157885e+02,1.817953e+02,1.416098e+02
4.310083e+02,1.173773e+02,1.803491e+02,1.404859e+02
4.255839e+02,1.157074e+02,1.812917e+02,1.412177e+02
4.250364e+02,1.143859e+02,1.830904e+02,1.426190e+02
4.266665e+02,1.147272e+02,1.836449e+02,1.430503e+02
4.320781e+02,1.180287e+02,1.811129e+02,1.410774e+02
4.313632e+02,1.139591e+02,1.848933e+02,1.440247e+02
4.331475e+02,1.149755e+02,1.865870e+02,1.453465e+02
4.390673e+02,1.154856e+02,1.842851e+02,1.435487e+02
4.404875e+02,1.164682e+02,1.852895e+02,1.443313e+02
4.423837e+02,1.155114e+02,1.900035e+02,1.480031e+02
4.461808e+02,1.179554e+02,1.873248e+02,1.459172e+02
4.548144e+02,1.189457e+02,1.876506e+02,1.461711e+02
4.566128e+02,1.203492e+02,1.846246e+02,1.438161e+02
4.575290e+02,1.219983e+02,1.869564e+02,1.456292e+02
4.702992e+02,1.285457e+02,1.814515e+02,1.413421e+02
4.690913e+02,1.291460e+02,1.849747e+02,1.440855e+02
4.721370e+02,1.332152e+02,1.823759e+02,1.420612e+02
4.732585e+02,1.366893e+02,1.820096e+02,1.417765e+02
4.714265e+02,1.370289e+02,1.847299e+02,1.438968e+02
4.755126e+02,1.412269e+02,1.799139e+02,1.401435e+02
4.718583e+02,1.416949e+02,1.837821e+02,1.431570e+02
4.733159e+02,1.427759e+02,1.835642e+02,1.429900e+02
4.751334e+02,1.437450e+02,1.809031e+02,1.409156e+02
4.737137e+02,1.428475e+02,1.814983e+02,1.413789e+02
4.728897e+02,1.438166e+02,1.812799e+02,1.412094e+02
4.677658e+02,1.391302e+02,1.871544e+02,1.457857e+02
4.679918e+02,1.441251e+02,1.807762e+02,1.408160e+02
4.620187e+02,1.415481e+02,1.867291e+02,1.454529e+02
4.656402e+02,1.417199e+02,1.794270e+02,1.397643e+02
4.618904e+02,1.378187e+02,1.834067e+02,1.428683e+02
4.606939e+02,1.362476e+02,1.829840e+02,1.425357e+02
4.571156e+02,1.350897e+02,1.842838e+02,1.435474e+02
4.590944e+02,1.345492e+02,1.794242e+02,1.397634e+02
4.561260e+02,1.297096e+02,1.866505e+02,1.454001e+02
4.638660e+02,1.351321e+02,1.807775e+02,1.408403e+02
4.550590e+02,1.308638e+02,1.859196e+02,1.448324e+02
4.585359e+02,1.320759e+02,1.874805e+02,1.460414e+02
4.636113e+02,1.327791e+02,1.815293e+02,1.414043e+02
4.639774e+02,1.312026e+02,1.831629e+02,1.426839e+02
4.674676e+02,1.352463e+02,1.791605e+02,1.395568e+02
4.669117e+02,1.311244e+02,1.849698e+02,1.440935e+02
4.683315e+02,1.317256e+02,1.853734e+02,1.443962e+02
4.721355e+02,1.346928e+02,1.822508e+02,1.419700e+02
4.766565e+02,1.313077e+02,1.780209e+02,1.386776e+02
4.701434e+02,1.311652e+02,1.832471e+02,1.427437e+02
4.740456e+02,1.395365e+02,1.809331e+02,1.409416e+02
4.693699e+02,1.321535e+02,1.850162e+02,1.441184e+02
4.730482e+02,1.386360e+02,1.794334e+02,1.397769e+02
4.750028e+02,1.386682e+02,1.825078e+02,1.421713e+02
4.697796e+02,1.328384e+02,1.842730e+02,1.435513e+02
4.654343e+02,1.349998e+02,1.895434e+02,1.476462e+02
4.746558e+02,1.403171e+02,1.807284e+02,1.407805e+02
4.638808e+02,1.394656e+02,1.889258e+02,1.471687e+02
4.609479e+02,1.396108e+02,1.886603e+02,1.469569e+02
4.586824e+02,1.489747e+02,1.858663e+02,1.447842e+02
4.526158e+02,1.492877e+02,1.866525e+02,1.453959e+02
4.437881e+02,1.494904e+02,1.867320e+02,1.454831e+02
4.383969e+02,1.534185e+02,1.856683e+02,1.446265e+02
4.319459e+02,1.549413e+02,1.874765e+02,1.460348e+02
4.205946e+02,1.543022e+02,1.880650e+02,1.464928e+02
4.160503e+02,1.546226e+02,1.863069e+02,1.451336e+02
4.084549e+02,1.527792e+02,1.859304e+02,1.448420e+02
4.060760e+02,1.489871e+02,1.836382e+02,1.430445e+02
3.930810e+02,1.461108e+02,1.909424e+02,1.487546e+02
3.871338e+02,1.434025e+02,1.900637e+02,1.480719e+02
3.872736e+02,1.432089e+02,1.817094e+02,1.415539e+02
3.784007e+02,1.372523e+02,1.895574e+02,1.476573e+02
3.740565e+02,1.348799e+02,1.892148e+02,1.473884e+02
3.687075e+02,1.345654e+02,1.926864e+02,1.501016e+02
3.724499e+02,1.349399e+02,1.837450e+02,1.431326e+02
3.688486e+02,1.320810e+02,1.865479e+02,1.453293e+02
3.676182e+02,1.348226e+02,1.836857e+02,1.430845e+02
3.617397e+02,1.310644e+02,1.892849e+02,1.474459e+02
3.589696e+02,1.292626e+02,1.916283e+02,1.492697e+02
3.590496e+02,1.317538e+02,1.916241e+02,1.492804e+02
3.619293e+02,1.321769e+02,1.835245e+02,1.429639e+02
3.553965e+02,1.320287e+02,1.894854e+02,1.476010e+02
3.538948e+02,1.318881e+02,1.868628e+02,1.455592e+02
3.534920e+02,1.330454e+02,1.871048e+02,1.457465e+02
3.493670e+02,1.302170e+02,1.879699e+02,1.464204e+02
3.475460e+02,1.296029e+02,1.873630e+02,1.459459e+02
3.455766e+02,1.296178e+02,1.823565e+02,1.420481e+02
3.405484e+02,1.266047e+02,1.855299e+02,1.445193e+02
3.427449e+02,1.314543e+02,1.781012e+02,1.387316e+02
3.352937e+02,1.234874e+02,1.826550e+02,1.422888e+02
3.297752e+02,1.223762e+02,1.866449e+02,1.453921e+02
3.264053e+02,1.213889e+02,1.854842e+02,1.444921e+02
3.261082e+02,1.221538e+02,1.809452e+02,1.409634e+02
3.185988e+02,1.224217e+02,1.820121e+02,1.417984e+02
3.142561e+02,1.252780e+02,1.815408e+02,1.414214e+02
3.086956e+02,1.255163e+02,1.808763e+02,1.409071e+02
3.076437e+02,1.263885e+02,1.782848e+02,1.388745e+02
2.997665e+02,1.244177e+02,1.782549e+02,1.388512e+02
2.974203e+02,1.263440e+02,1.798902e+02,1.401366e+02
2.916854e+02,1.292389e+02,1.774665e+02,1.382370e+02
2.906586e+02,1.306003e+02,1.779080e+02,1.385812e+02
2.939560e+02,1.366293e+02,1.736568e+02,1.352696e+02
2.868260e+02,1.338929e+02,1.804900e+02,1.405975e+02
2.881217e+02,1.358166e+02,1.817519e+02,1.415856e+02
2.894071e+02,1.394330e+02,1.812660e+02,1.412004e+02
2.931053e+02,1.405711e+02,1.767688e+02,1.376936e+02
2.955028e+02,1.464302e+02,1.773208e+02,1.381238e+02
2.962543e+02,1.473333e+02,1.786761e+02,1.391977e+02
2.939956e+02,1.479919e+02,1.779932e+02,1.386474e+02
2.965454e+02,1.501068e+02,1.710324e+02,1.332269e+02
2.983751e+02,1.541211e+02,1.752043e+02,1.364758e+02
3.005153e+02,1.549559e+02,1.691803e+02,1.317849e+02
2.960582e+02,1.514766e+02,1.774653e+02,1.382499e+02
3.010219e+02,1.556143e+02,1.706145e+02,1.329012e+02
3.010544e+02,1.589483e+02,1.710410e+02,1.332333e+02
3.026177e+02,1.599716e+02,1.688930e+02,1.315601e+02
2.979758e+02,1.581893e+02,1.700358e+02,1.324523e+02
3.006750e+02,1.583964e+02,1.686791e+02,1.313948e+02
2.982566e+02,1.567334e+02,1.699022e+02,1.323476e+02
2.976645e+02,1.577860e+02,1.686274e+02,1.313563e+02
2.977063e+02,1.579336e+02,1.709266e+02,1.331472e+02
2.997801e+02,1.606187e+02,1.699454e+02,1.323822e+02
3.011943e+02,1.584216e+02,1.685391e+02,1.312887e+02
2.999042e+02,1.567935e+02,1.714601e+02,1.335584e+02
2.998685e+02,1.556416e+02,1.698376e+02,1.322989e+02
3.003166e+02,1.515014e+02,1.715265e+02,1.336102e+02
3.008771e+02,1.500555e+02,1.745281e+02,1.359504e+02
3.042583e+02,1.448805e+02,1.702022e+02,1.325786e+02
3.094951e+02,1.421852e+02,1.686639e+02,1.313809e+02
3.109589e+02,1.406515e+02,1.692175e+02,1.318171e+02
3.083650e+02,1.383149e+02,1.719157e+02,1.339141e+02
3.154967e+02,1.380041e+02,1.702818e+02,1.326436e+02
3.171153e+02,1.340198e+02,1.716034e+02,1.336708e+02
3.225219e+02,1.322323e+02,1.721319e+02,1.340818e+02
3.196516e+02,1.248241e+02,1.809359e+02,1.409889e+02
3.229009e+02,1.248864e+02,1.749882e+02,1.363177e+02
3.180234e+02,1.192284e+02,1.824905e+02,1.421569e+02
3.255073e+02,1.168328e+02,1.788364e+02,1.393042e+02
3.327624e+02,1.122138e+02,1.687440e+02,1.314431e+02
3.319152e+02,1.042286e+02,1.726981e+02,1.345231e+02
3.249856e+02,9.705344e+01,1.820511e+02,1.418136e+02
3.276027e+02,9.311836e+01,1.801236e+02,1.403158e+02
3.324121e+02,8.731707e+01,1.760160e+02,1.371086e+02
3.296129e+02,8.037349e+01,1.806443e+02,1.407253e+02
3.318520e+02,7.407674e+01,1.763629e+02,1.373797e+02
3.270452e+02,6.894270e+01,1.771547e+02,1.379985e+02
3.249539e+02,6.303722e+01,1.801858e+02,1.403645e+02
3.257587e+02,5.833541e+01,1.739770e+02,1.355196e+02
3.176301e+02,5.296016e+01,1.769624e+02,1.378488e+02
3.165942e+02,5.603526e+01,1.741045e+02,1.356203e+02
3.138849e+02,4.805625e+01,1.716193e+02,1.336826e+02
3.105073e+02,4.742728e+01,1.675396e+02,1.305049e+02
2.962194e+02,4.276444e+01,1.799316e+02,1.401618e+02
2.946169e+02,4.226059e+01,1.682776e+02,1.310805e+02
2.912928e+02,4.023050e+01,1.677766e+02,1.306900e+02
2.839749e+02,4.011710e+01,1.670604e+02,1.301313e+02
2.785794e+02,4.176817e+01,1.668732e+02,1.299856e+02
2.692999e+02,3.545401e+01,1.685661e+02,1.313065e+02
2.622802e+02,3.360353e+01,1.679686e+02,1.308426e+02
2.571681e+02,3.120668e+01,1.679973e+02,1.308621e+02
2.498239e+02,3.140795e+01,1.678146e+02,1.307188e+02
2.428610e+02,2.904903e+01,1.677438e+02,1.306637e+02
2.397323e+02,2.772507e+01,1.672745e+02,1.303013e+02
2.335993e+02,2.835237e+01,1.659148e+02,1.292392e+02
2.308747e+02,2.764116e+01,1.680084e+02,1.308703e+02
2.275084e+02,2.851310e+01,1.685287e+02,1.312753e+02
2.297764e+02,2.975403e+01,1.653323e+02,1.287861e+02
2.222711e+02,3.074242e+01,1.678929e+02,1.307798e+02
2.253610e+02,3.494666e+01,1.629445e+02,1.269327e+02
2.225881e+02,3.500845e+01,1.644916e+02,1.281312e+02
2.257917e+02,3.614809e+01,1.642730e+02,1.279611e+02
2.266100e+02,3.210195e+01,1.664951e+02,1.296953e+02
2.302727e+02,4.239032e+01,1.627542e+02,1.267821e+02
2.285177e+02,4.300525e+01,1.648982e+02,1.284471e+02
2.317762e+02,4.220611e+01,1.653624e+02,1.288087e+02
2.350831e+02,4.359322e+01,1.626811e+02,1.267204e+02
2.350004e+02,4.396343e+01,1.643247e+02,1.280047e+02
2.358436e+02,4.323719e+01,1.666553e+02,1.298187e+02
2.384041e+02,4.552235e+01,1.657337e+02,1.290982e+02
2.414171e+02,4.532172e+01,1.639418e+02,1.277024e+02
2.444893e+02,4.391160e+01,1.652043e+02,1.286855e+02
2.463323e+02,4.820614e+01,1.617275e+02,1.259797e+02
2.471382e+02,4.606136e+01,1.613608e+02,1.256921e+02
2.469607e+02,4.439547e+01,1.608815e+02,1.253205e+02
2.428761e+02,4.262011e+01,1.650673e+02,1.285788e+02
2.456038e+02,4.261540e+01,1.623476e+02,1.264609e+02
2.455988e+02,4.153385e+01,1.622598e+02,1.263926e+02
2.439190e+02,3.908507e+01,1.621988e+02,1.263471e+02
2.427832e+02,3.846883e+01,1.642493e+02,1.279438e+02
2.450576e+02,3.854089e+01,1.629511e+02,1.269329e+02
2.445216e+02,3.620113e+01,1.652771e+02,1.287448e+02
2.462537e+02,3.568504e+01,1.629994e+02,1.269689e+02
2.464868e+02,3.670240e+01,1.644973e+02,1.281408e+02
2.468321e+02,3.208222e+01,1.664133e+02,1.296298e+02
2.522442e+02,3.600576e+01,1.635954e+02,1.274402e+02
2.573584e+02,3.652909e+01,1.611522e+02,1.255522e+02
2.585266e+02,3.300432e+01,1.628704e+02,1.268732e+02
2.579757e+02,3.502946e+01,1.680059e+02,1.308724e+02
2.658714e+02,3.343586e+01,1.634045e+02,1.272859e+02
2.704336e+02,3.272886e+01,1.627305e+02,1.267615e+02
2.688966e+02,3.088012e+01,1.682483e+02,1.310594e+02
2.788395e+02,3.455774e+01,1.629152e+02,1.269031e+02
2.815558e+02,3.442580e+01,1.632915e+02,1.271958e+02
2.816225e+02,3.314280e+01,1.672269e+02,1.302722e+02
2.849453e+02,3.514562e+01,1.690988e+02,1.317267e+02
2.882100e+02,3.766438e+01,1.707323e+02,1.329947e+02
2.926162e+02,4.123397e+01,1.649036e+02,1.284579e+02
2.934101e+02,4.396492e+01,1.699480e+02,1.323806e+02
2.968722e+02,4.697737e+01,1.682114e+02,1.310382e+02
2.976998e+02,4.849337e+01,1.702759e+02,1.326360e+02
3.017819e+02,5.177796e+01,1.688916e+02,1.315670e+02
3.024121e+02,5.543970e+01,1.694839e+02,1.320251e+02
3.052799e+02,5.826312e+01,1.689870e+02,1.316475e+02
3.063918e+02,5.951763e+01,1.700935e+02,1.325088e+02
3.088904e+02,6.224179e+01,1.702223e+02,1.325974e+02
3.073013e+02,6.501944e+01,1.719331e+02,1.339323e+02
3.095297e+02,6.907998e+01,1.705376e+02,1.328406e+02
3.126930e+02,7.236615e+01,1.691187e+02,1.317413e+02
3.121550e+02,7.521852e+01,1.716345e+02,1.337015e+02
3.141582e+02,7.927957e+01,1.725415e+02,1.344011e+02
3.182209e+02,8.362248e+01,1.694811e+02,1.320245e+02
3.170147e+02,8.685864e+01,1.719387e+02,1.339317e+02
3.175052e+02,8.787566e+01,1.729469e+02,1.347222e+02
3.179553e+02,8.964254e+01,1.749426e+02,1.362958e+02
3.205272e+02,9.618547e+01,1.742801e+02,1.357785e+02
3.221464e+02,9.895415e+01,1.732378e+02,1.349582e+02
3.238663e+02,1.040612e+02,1.735938e+02,1.352253e+02
3.243269e+02,1.067083e+02,1.740627e+02,1.356007e+02
3.269494e+02,1.111183e+02,1.757859e+02,1.369475e+02
3.287505e+02,1.114085e+02,1.758755e+02,1.370170e+02
3.280463e+02,1.166864e+02,1.775682e+02,1.383164e+02
3.294174e+02,1.244890e+02,1.771100e+02,1.379788e+02
3.294424e+02,1.236844e+02,1.771308e+02,1.379901e+02
3.317027e+02,1.298532e+02,1.783758e+02,1.389468e+02
3.297508e+02,1.340503e+02,1.785230e+02,1.390731e+02
3.290422e+02,1.400044e+02,1.757394e+02,1.369303e+02
3.295275e+02,1.398067e+02,1.813378e+02,1.412527e+02
3.296687e+02,1.441026e+02,1.815829e+02,1.414438e+02
3.261613e+02,1.507900e+02,1.805771e+02,1.406842e+02
3.292467e+02,1.517355e+02,1.785006e+02,1.390426e+02
3.235263e+02,1.529860e+02,1.824463e+02,1.421161e+02
3.275302e+02,1.575390e+02,1.756932e+02,1.368759e+02
3.195862e+02,1.593197e+02,1.828371e+02,1.424378e+02
3.151289e+02,1.601626e+02,1.771570e+02,1.380175e+02
3.136932e+02,1.635384e+02,1.814541e+02,1.413445e+02
3.110167e+02,1.675374e+02,1.821328e+02,1.418754e+02
3.023967e+02,1.706256e+02,1.792924e+02,1.396594e+02
3.024815e+02,1.727249e+02,1.814376e+02,1.413303e+02
3.031329e+02,1.731963e+02,1.777524e+02,1.384666e+02
2.956990e+02,1.765141e+02,1.843496e+02,1.436059e+02
3.007226e+02,1.727289e+02,1.816559e+02,1.415295e+02
3.044343e+02,1.765378e+02,1.787802e+02,1.392759e+02
3.009473e+02,1.761146e+02,1.827730e+02,1.423725e+02
3.111927e+02,1.782574e+02,1.831658e+02,1.426774e+02
3.104094e+02,1.766658e+02,1.847979e+02,1.439513e+02
3.177404e+02,1.755883e+02,1.804532e+02,1.405880e+02
3.309328e+02,1.721738e+02,1.790679e+02,1.395022e+02
3.378757e+02,1.681494e+02,1.815183e+02,1.413966e+02
3.416364e+02,1.609095e+02,1.807812e+02,1.408235e+02
3.511014e+02,1.558492e+02,1.812573e+02,1.411927e+02
3.618754e+02,1.487563e+02,1.836209e+02,1.430346e+02
3.734829e+02,1.465106e+02,1.792778e+02,1.396751e+02
3.760124e+02,1.365737e+02,1.821378e+02,1.418830e+02
3.921647e+02,1.316452e+02,1.801865e+02,1.403634e+02
3.952987e+02,1.216760e+02,1.860848e+02,1.449546e+02
4.039446e+02,1.175523e+02,1.798612e+02,1.401102e+02
4.120481e+02,1.130352e+02,1.806907e+02,1.407593e+02
4.135853e+02,1.091865e+02,1.828968e+02,1.424679e+02
4.158961e+02,1.045184e+02,1.896304e+02,1.477140e+02
4.191699e+02,1.013858e+02,1.811967e+02,1.411455e+02
4.222090e+02,9.572234e+01,1.875233e+02,1.460779e+02
4.256540e+02,9.227806e+01,1.829564e+02,1.425134e+02
4.225630e+02,8.981072e+01,1.855907e+02,1.445683e+02
4.264674e+02,8.757641e+01,1.831223e+02,1.426852e+02
4.259176e+02,8.541948e+01,1.802938e+02,1.404402e+02
4.267406e+02,8.818964e+01,1.813955e+02,1.412994e+02
4.220228e+02,8.911125e+01,1.804825e+02,1.405866e+02
4.266428e+02,9.230794e+01,1.722873e+02,1.342248e+02
4.195916e+02,9.218358e+01,1.770325e+02,1.379087e+02
4.138002e+02,9.658879e+01,1.765518e+02,1.375344e+02
4.113063e+02,9.836719e+01,1.761200e+02,1.371991e+02
4.068295e+02,9.734091e+01,1.774895e+02,1.382646e+02
4.014208e+02,1.004648e+02,1.779328e+02,1.386120e+02
3.983368e+02,1.033676e+02,1.771067e+02,1.379644e+02
3.945593e+02,1.046066e+02,1.764558e+02,1.374567e+02
3.947764e+02,1.080121e+02,1.726441e+02,1.344810e+02
3.870717e+02,1.095699e+02,1.769178e+02,1.378277e+02
3.867536e+02,1.113393e+02,1.745187e+02,1.359468e+02
3.763467e+02,1.092281e+02,1.856989e+02,1.446775e+02
3.718733e+02,1.127335e+02,1.875586e+02,1.461042e+02
3.646120e+02,1.118921e+02,1.900219e+02,1.480192e+02
3.650014e+02,1.149017e+02,1.876405e+02,1.461883e+02
3.583924e+02,1.174122e+02,1.872689e+02,1.458998e+02
3.545198e+02,1.208881e+02,1.887469e+02,1.470324e+02
3.520158e+02,1.269699e+02,1.839175e+02,1.432623e+02
3.419842e+02,1.313884e+02,1.897728e+02,1.478294e+02
3.366107e+02,1.349235e+02,1.868398e+02,1.455618e+02
3.233685e+02,1.392143e+02,1.921201e+02,1.496554e+02
3.211748e+02,1.459095e+02,1.805615e+02,1.406636e+02
3.025585e+02,1.423792e+02,1.920281e+02,1.495846e+02
2.934451e+02,1.477371e+02,1.871221e+02,1.458089e+02
2.760458e+02,1.494759e+02,1.894844e+02,1.476063e+02
2.548861e+02,1.498813e+02,1.927331e+02,1.501392e+02
2.419962e+02,1.475741e+02,1.897881e+02,1.478541e+02
2.259179e+02,1.486739e+02,1.899235e+02,1.479609e+02
2.078342e+02,1.461519e+02,1.903818e+02,1.483325e+02
1.912132e+02,1.499785e+02,1.854941e+02,1.445202e+02
1.716422e+02,1.439664e+02,1.898425e+02,1.478801e+02
1.538487e+02,1.493815e+02,1.890290e+02,1.472805e+02
1.378429e+02,1.480053e+02,1.908857e+02,1.487101e+02
1.163826e+02,1.426493e+02,1.919587e+02,1.495319e+02
1.058250e+02,1.378881e+02,1.939518e+02,1.510842e+02
1.054194e+02,1.454727e+02,1.808362e+02,1.408649e+02
9.567802e+01,1.421150e+02,1.802773e+02,1.404271e+02
8.969854e+01,1.448637e+02,1.810249e+02,1.410089e+02
7.660744e+01,1.417553e+02,1.917883e+02,1.493959e+02
7.153831e+01,1.411072e+02,1.917325e+02,1.493514e+02
6.896412e+01,1.422919e+02,1.932967e+02,1.505799e+02
7.138436e+01,1.408472e+02,1.891559e+02,1.473595e+02
6.856745e+01,1.405555e+02,1.938504e+02,1.510106e+02
7.228864e+01,1.446050e+02,1.910226e+02,1.487985e+02
7.057301e+01,1.428048e+02,1.915771e+02,1.492410e+02
7.069929e+01,1.417522e+02,1.912484e+02,1.489772e+02
7.996417e+01,1.462020e+02,1.856910e+02,1.446436e+02
7.559783e+01,1.415228e+02,1.921961e+02,1.497124e+02
7.975012e+01,1.463310e+02,1.852261e+02,1.442831e+02
7.839383e+01,1.395069e+02,1.925143e+02,1.499732e+02
7.785420e+01,1.423467e+02,1.873079e+02,1.459356e+02
7.790625e+01,1.381748e+02,1.908168e+02,1.486634e+02
7.685332e+01,1.410690e+02,1.873990e+02,1.460201e+02
7.507210e+01,1.350829e+02,1.930499e+02,1.503814e+02
7.367598e+01,1.355525e+02,1.929795e+02,1.503255e+02
7.239334e+01,1.375173e+02,1.923917e+02,1.498879e+02
7.419577e+01,1.380467e+02,1.922518e+02,1.497557e+02
7.839453e+01,1.407514e+02,1.890519e+02,1.472694e+02
7.943497e+01,1.392288e+02,1.928322e+02,1.502224e+02
8.327758e+01,1.383107e+02,1.948009e+02,1.517413e+02
9.075146e+01,1.390267e+02,1.947836e+02,1.517289e+02
1.013970e+02,1.405242e+02,1.924529e+02,1.499137e+02
1.115538e+02,1.397264e+02,1.945496e+02,1.515445e+02
1.231883e+02,1.405796e+02,1.931399e+02,1.505376e+02
1.362086e+02,1.406919e+02,1.928081e+02,1.502183e+02
1.519813e+02,1.408606e+02,1.945698e+02,1.515601e+02
1.587754e+02,1.386796e+02,1.986103e+02,1.547098e+02
1.823475e+02,1.472987e+02,1.900884e+02,1.480765e+02
1.917770e+02,1.464941e+02,1.925285e+02,1.499723e+02
2.123911e+02,1.462511e+02,1.913849e+02,1.491382e+02
2.237350e+02,1.544214e+02,1.886962e+02,1.470023e+02
2.352776e+02,1.527267e+02,1.964512e+02,1.530400e+02
2.493804e+02,1.582749e+02,1.917718e+02,1.493912e+02
2.619398e+02,1.648072e+02,1.929730e+02,1.503162e+02
2.707859e+02,1.624384e+02,1.835575e+02,1.429883e+02
2.761301e+02,1.684844e+02,1.886389e+02,1.469501e+02
2.834309e+02,1.721833e+02,1.917337e+02,1.493731e+02
2.884604e+02,1.629681e+02,1.942434e+02,1.513181e+02
2.954521e+02,1.612667e+02,1.901940e+02,1.481926e+02
3.008450e+02,1.599589e+02,1.879539e+02,1.464259e+02
3.029805e+02,1.546973e+02,1.895956e+02,1.477214e+02
3.055843e+02,1.508468e+02,1.903067e+02,1.482403e+02
3.119907e+02,1.508269e+02,1.845829e+02,1.437949e+02
3.165762e+02,1.452893e+02,1.806190e+02,1.407248e+02
3.190740e+02,1.395856e+02,1.797268e+02,1.400051e+02
3.231336e+02,1.369042e+02,1.822985e+02,1.420247e+02
3.236870e+02,1.412244e+02,1.817611e+02,1.415952e+02
3.235252e+02,1.345073e+02,1.879650e+02,1.464514e+02
3.277203e+02,1.336357e+02,1.877108e+02,1.462256e+02
3.283260e+02,1.311345e+02,1.918009e+02,1.494200e+02
3.323279e+02,1.292325e+02,1.922145e+02,1.497285e+02
3.333604e+02,1.290031e+02,1.942991e+02,1.513747e+02
3.450112e+02,1.324513e+02,1.860874e+02,1.449600e+02
3.438726e+02,1.280538e+02,1.944202e+02,1.514484e+02
3.546642e+02,1.323952e+02,1.932950e+02,1.505701e+02
3.601089e+02,1.315541e+02,1.939457e+02,1.510774e+02
3.681420e+02,1.325709e+02,1.902569e+02,1.482092e+02
3.693850e+02,1.335322e+02,1.935904e+02,1.508015e+02
3.812007e+02,1.367248e+02,1.951213e+02,1.519925e+02
3.915316e+02,1.394186e+02,1.848412e+02,1.439858e+02
3.930864e+02,1.383949e+02,1.915240e+02,1.492127e+02
3.958161e+02,1.410267e+02,1.928935e+02,1.502890e+02
3.999865e+02,1.421322e+02,1.943523e+02,1.514285e+02
4.088101e+02,1.444023e+02,1.898951e+02,1.479350e+02
4.039537e+02,1.444686e+02,1.929819e+02,1.503253e+02
4.006429e+02,1.443894e+02,1.906603e+02,1.485212e+02
4.029916e+02,1.488921e+02,1.914693e+02,1.491764e+02
3.956162e+02,1.483120e+02,1.920664e+02,1.496120e+02
3.929260e+02,1.497912e+02,1.878462e+02,1.463236e+02
3.911141e+02,1.524353e+02,1.867494e+02,1.454700e+02
3.890866e+02,1.555316e+02,1.807111e+02,1.407892e+02
3.859918e+02,1.583502e+02,1.777309e+02,1.384723e+02
3.798674e+02,1.557617e+02,1.765993e+02,1.375688e+02
3.686973e+02,1.537722e+02,1.852713e+02,1.443187e+02
3.603383e+02,1.534420e+02,1.849660e+02,1.440822e+02
3.498862e+02,1.484366e+02,1.891798e+02,1.473621e+02
3.474698e+02,1.527119e+02,1.848863e+02,1.440211e+02
3.395912e+02,1.470235e+02,1.919774e+02,1.495403e+02
3.286022e+02,1.435438e+02,1.956830e+02,1.524268e+02
3.240562e+02,1.486261e+02,1.917613e+02,1.493862e+02
3.365871e+02,1.457500e+02,1.796430e+02,1.399416e+02
3.141613e+02,1.555942e+02,1.896631e+02,1.477502e+02
3.233213e+02,1.647600e+02,1.853828e+02,1.444046e+02
3.077434e+02,1.548596e+02,1.875420e+02,1.460860e+02
2.845674e+02,1.617686e+02,1.922940e+02,1.497891e+02
3.007457e+02,1.563977e+02,1.895485e+02,1.476484e+02
2.871417e+02,1.590105e+02,1.822229e+02,1.419443e+02
2.785958e+02,1.541333e+02,1.811806e+02,1.411346e+02
2.828061e+02,1.460393e+02,1.964573e+02,1.530338e+02
2.960587e+02,1.495914e+02,1.911059e+02,1.488705e+02
2.928872e+02,1.449852e+02,1.944532e+02,1.514988e+02
2.907210e+02,1.503475e+02,1.911607e+02,1.489079e+02
2.909622e+02,1.514612e+02,1.871205e+02,1.457612e+02
2.953108e+02,1.799100e+02,1.866253e+02,1.454099e+02
2.897906e+02,1.752113e+02,1.900950e+02,1.480749e+02
2.936999e+02,1.614958e+02,1.915868e+02,1.492402e+02
2.967368e+02,1.571850e+02,1.967340e+02,1.532463e+02
3.113116e+02,1.628140e+02,1.853524e+02,1.443798e+02
3.166322e+02,1.620127e+02,1.861372e+02,1.449919e+02
2.960280e+02,1.634539e+02,1.798755e+02,1.401228e+02
3.234559e+02,1.727083e+02,1.872901e+02,1.459027e+02
3.185762e+02,1.624998e+02,1.879075e+02,1.463731e+02
3.115803e+02,1.596881e+02,1.882389e+02,1.466309e+02
3.044274e+02,1.584551e+02,1.999665e+02,1.557661e+02
3.088487e+02,1.544620e+02,1.918406e+02,1.494568e+02
3.032048e+02,1.487615e+02,1.956384e+02,1.524378e+02
3.018798e+02,1.460980e+02,1.944729e+02,1.515279e+02
2.965002e+02,1.401561e+02,1.972865e+02,1.536867e+02
3.054923e+02,1.357782e+02,1.861068e+02,1.450125e+02
2.911264e+02,1.283491e+02,2.029084e+02,1.580618e+02
2.973024e+02,1.256615e+02,1.875918e+02,1.461437e+02
2.958052e+02,1.212505e+02,1.929289e+02,1.502911e+02
2.934561e+02,1.176407e+02,1.984359e+02,1.546027e+02
2.950822e+02,1.179711e+02,1.921482e+02,1.496883e+02
2.875998e+02,1.157245e+02,2.006185e+02,1.562742e+02
2.869622e+02,1.165784e+02,1.914198e+02,1.491554e+02
2.802708e+02,1.139182e+02,1.998892e+02,1.557074e+02
2.785346e+02,1.141012e+02,1.992958e+02,1.552415e+02
2.775079e+02,1.147661e+02,1.944425e+02,1.514820e+02
2.777862e+02,1.156733e+02,1.932103e+02,1.505267e+02
2.727055e+02,1.128423e+02,1.929274e+02,1.503050e+02
2.677259e+02,1.131963e+02,2.000542e+02,1.558333e+02
2.678258e+02,1.107238e+02,2.031629e+02,1.582688e+02
2.626087e+02,1.139378e+02,2.027041e+02,1.579133e+02
2.641372e+02,1.131832e+02,1.999026e+02,1.557143e+02
2.655070e+02,1.124230e+02,1.986186e+02,1.547137e+02
2.641911e+02,1.143575e+02,1.983404e+02,1.544969e+02
2.703472e+02,1.115512e+02,1.977941e+02,1.540872e+02
2.657079e+02,1.123373e+02,1.992158e+02,1.551937e+02
2.688201e+02,1.117503e+02,1.969972e+02,1.534655e+02
2.696292e+02,1.104714e+02,2.015968e+02,1.570350e+02
2.763975e+02,1.113216e+02,1.962477e+02,1.528836e+02
2.703595e+02,1.050027e+02,2.054041e+02,1.600008e+02
2.789654e+02,1.081445e+02,1.959055e+02,1.526222e+02
2.855529e+02,1.099619e+02,1.907191e+02,1.486170e+02
2.864010e+02,1.079235e+02,1.935441e+02,1.507703e+02
2.854281e+02,1.065767e+02,1.975098e+02,1.538548e+02
2.908149e+02,1.062543e+02,1.950713e+02,1.519742e+02
2.931169e+02,1.073691e+02,1.964698e+02,1.530495e+02
2.940903e+02,1.043899e+02,2.003262e+02,1.560458e+02
3.027593e+02,1.051267e+02,1.909682e+02,1.488161e+02
3.005645e+02,9.632089e+01,1.981109e+02,1.543199e+02
3.102158e+02,1.045130e+02,1.852943e+02,1.443436e+02
3.086822e+02,1.028282e+02,1.923188e+02,1.498564e+02
3.096395e+02,1.011954e+02,1.934256e+02,1.507206e+02
3.081037e+02,9.742668e+01,2.016991e+02,1.571548e+02
3.211678e+02,1.022725e+02,1.824119e+02,1.420935e+02
3.208658e+02,9.804057e+01,1.884092e+02,1.467769e+02
3.173007e+02,9.623145e+01,1.922932e+02,1.498089e+02
3.195555e+02,9.765483e+01,1.872914e+02,1.459506e+02
3.266126e+02,1.005015e+02,1.826890e+02,1.423140e+02
3.267884e+02,1.053223e+02,1.928122e+02,1.502062e+02
3.291744e+02,1.048114e+02,1.820518e+02,1.418191e+02
3.277717e+02,1.039251e+02,1.847474e+02,1.439176e+02
3.308741e+02,1.032722e+02,1.854545e+02,1.444838e+02
3.285080e+02,1.041211e+02,1.865761e+02,1.453367e+02
3.325036e+02,1.047150e+02,1.816130e+02,1.414777e+02
3.325844e+02,1.060544e+02,1.830770e+02,1.426192e+02
3.325277e+02,1.043048e+02,1.830664e+02,1.426001e+02
3.340819e+02,1.027257e+02,1.876368e+02,1.461692e+02
3.464039e+02,9.660519e+01,1.828239e+02,1.424126e+02
3.457077e+02,9.699019e+01,1.864200e+02,1.452173e+02
3.343049e+02,1.186970e+02,1.835524e+02,1.429850e+02
3.291757e+02,9.373506e+01,1.863488e+02,1.451810e+02
3.120528e+02,7.292892e+01,1.885608e+02,1.468839e+02
2.939153e+02,6.356806e+01,1.994199e+02,1.553394e+02
2.842500e+02,2.188671e+01,1.870332e+02,1.456946e+02
2.859513e+02,-3.231409e+01,1.895575e+02,1.477744e+02
2.857538e+02,-3.009269e+01,1.893078e+02,1.475830e+02
2.933124e+02,-3.635121e+01,1.826308e+02,1.422858e+02
2.777821e+02,-3.630146e+01,1.985244e+02,1.546465e+02
2.853574e+02,-3.557484e+01,1.876181e+02,1.462611e+02
2.846059e+02,-3.538078e+01,1.887325e+02,1.470414e+02
2.859978e+02,-3.680700e+01,1.888868e+02,1.472749e+02
2.858363e+02,-3.503307e+01,1.891204e+02,1.473459e+02
2.873477e+02,-3.459149e+01,1.884397e+02,1.468186e+02
2.834108e+02,-3.543593e+01,1.902794e+02,1.483397e+02
2.849842e+02,-3.488539e+01,1.901569e+02,1.482473e+02
2.858037e+02,-3.405239e+01,1.887652e+02,1.471690e+02
2.843053e+02,-3.565048e+01,1.901791e+02,1.481528e+02
2.875936e+02,-3.500097e+01,1.879311e+02,1.463988e+02
2.854135e+02,-3.529715e+01,1.892896e+02,1.475524e+02
2.856771e+02,-3.633589e+01,1.895280e+02,1.477468e+02
2.835156e+02,-3.614168e+01,1.906274e+02,1.485900e+02
2.853859e+02,-3.440985e+01,1.877295e+02,1.462398e+02
2.961907e+02,-3.254745e+01,1.774004e+02,1.381870e+02
2.853696e+02,-3.561282e+01,1.905502e+02,1.485303e+02
2.846163e+02,-3.471111e+01,1.898299e+02,1.478912e+02
2.855426e+02,-3.448054e+01,1.887784e+02,1.470648e+02
2.850357e+02,-3.525270e+01,1.904006e+02,1.483296e+02
2.867456e+02,-3.483302e+01,1.886529e+02,1.470936e+02
2.862506e+02,-3.571013e+01,1.898477e+02,1.480076e+02
2.875648e+02,-3.409266e+01,1.846237e+02,1.438366e+02
2.884720e+02,-3.423169e+01,1.845779e+02,1.437959e+02
2.732248e+02,-3.526444e+01,1.893202e+02,1.476003e+02
2.605403e+02,-3.601421e+01,1.919188e+02,1.495037e+02
2.599606e+02,-3.444659e+01,1.859965e+02,1.449955e+02
2.553258e+02,-3.459142e+01,1.847172e+02,1.439104e+02
2.496144e+02,-3.406393e+01,1.865681e+02,1.454692e+02
2.416354e+02,-3.579147e+01,1.871173e+02,1.458738e+02
2.375796e+02,-3.531102e+01,1.897155e+02,1.479527e+02
2.411766e+02,-3.515151e+01,1.874200e+02,1.460955e+02
2.389276e+02,-3.416784e+01,1.866241e+02,1.454705e+02
2.313141e+02,-3.606253e+01,1.905878e+02,1.486045e+02
2.421339e+02,-3.538130e+01,1.860574e+02,1.450569e+02
2.379669e+02,-3.521350e+01,1.897909e+02,1.479444e+02
2.401346e+02,-3.470503e+01,1.862968e+02,1.452186e+02
2.400469e+02,-3.604604e+01,1.908736e+02,1.487979e+02
2.521280e+02,-3.347291e+01,1.832151e+02,1.428574e+02
2.568198e+02,-3.369527e+01,1.841218e+02,1.434563e+02
2.529913e+02,-3.646938e+01,1.922127e+02,1.498194e+02
2.589008e+02,-3.471876e+01,1.881988e+02,1.467285e+02
2.585320e+02,-3.432194e+01,1.879970e+02,1.465500e+02
2.596710e+02,-3.605228e+01,1.947214e+02,1.517070e+02
2.581033e+02,-3.603742e+01,1.923557e+02,1.499401e+02
2.647634e+02,-3.445824e+01,1.861461e+02,1.450933e+02
2.589244e+02,-3.489701e+01,1.898143e+02,1.479852e+02
2.597515e+02,-3.448509e+01,1.878526e+02,1.463592e+02
2.590269e+02,-3.436484e+01,1.870897e+02,1.457644e+02
2.559695e+02,-3.431973e+01,1.877898e+02,1.463147e+02
2.521915e+02,-3.480247e+01,1.881239e+02,1.465762e+02
2.465038e+02,-3.385035e+01,1.865761e+02,1.453595e+02
2.436840e+02,-3.451082e+01,1.863617e+02,1.451990e+02
2.383069e+02,-3.436720e+01,1.861663e+02,1.450598e+02
2.276687e+02,-3.423601e+01,1.865590e+02,1.453699e+02
2.195109e+02,-3.494226e+01,1.869497e+02,1.456589e+02
2.107076e+02,-3.488016e+01,1.889939e+02,1.472410e+02
2.039471e+02,-3.500304e+01,1.891578e+02,1.473720e+02
1.979233e+02,-3.514463e+01,1.886033e+02,1.470550e+02
1.954950e+02,-3.452456e+01,1.865222e+02,1.453921e+02
1.888236e+02,-3.464216e+01,1.859746e+02,1.449737e+02
1.807029e+02,-3.470364e+01,1.879046e+02,1.464729e+02
1.768056e+02,-3.548619e+01,1.874485e+02,1.460530e+02
1.714291e+02,-3.577581e+01,1.867927e+02,1.456025e+02
1.670965e+02,-3.499991e+01,1.874071e+02,1.460716e+02
1.633032e+02,-3.459514e+01,1.837998e+02,1.432858e+02
1.474640e+02,-3.563935e+01,1.936034e+02,1.509148e+02
1.490389e+02,-3.484435e+01,1.877042e+02,1.463234e+02
1.489819e+02,-3.522025e+01,1.901058e+02,1.481331e+02
1.444251e+02,-3.446266e+01,1.878149e+02,1.463522e+02
1.416017e+02,-3.434540e+01,1.857352e+02,1.447768e+02
1.503923e+02,-3.522107e+01,1.888678e+02,1.471619e+02
1.257409e+02,-3.469931e+01,1.890879e+02,1.473912e+02
1.198850e+02,-3.413890e+01,1.875490e+02,1.461568e+02
1.104252e+02,-3.400399e+01,1.837621e+02,1.432776e+02
1.034822e+02,-3.346043e+01,1.859276e+02,1.448539e+02
9.823227e+01,-3.381391e+01,1.866034e+02,1.453757e+02
8.943073e+01,-3.453469e+01,1.877355e+02,1.464031e+02
8.139765e+01,-3.343295e+01,1.866886e+02,1.454419e+02
6.019491e+01,-3.549052e+01,1.909099e+02,1.488169e+02
6.034476e+01,-3.372372e+01,1.868535e+02,1.455613e+02
4.801831e+01,-3.521085e+01,1.886530e+02,1.469650e+02
4.252925e+01,-3.494953e+01,1.880481e+02,1.465347e+02
2.621822e+01,-3.574101e+01,1.890288e+02,1.473953e+02
1.971489e+01,-3.522086e+01,1.888657e+02,1.472537e+02
-8.187562e+00,-3.460162e+01,1.898472e+02,1.480519e+02
2.235324e+00,-3.567757e+01,1.880596e+02,1.465455e+02
-5.596404e+00,-3.442566e+01,1.845391e+02,1.438287e+02
-2.046121e+01,-3.345825e+01,1.814138e+02,1.413423e+02
7.804593e+00,-3.133131e+01,1.792714e+02,1.396912e+02
-5.677185e+00,-3.577534e+01,1.877467e+02,1.462481e+02
-3.225913e-01,-3.229836e+01,1.784377e+02,1.390137e+02
3.003506e+00,-3.430210e+01,1.879425e+02,1.465082e+02
6.366383e+00,-3.384120e+01,1.790421e+02,1.394833e+02
5.408720e+00,-3.252943e+01,1.776159e+02,1.383747e+02
5.753522e+00,-3.356329e+01,1.813413e+02,1.414269e+02
2.708943e+00,-3.307818e+01,1.814243e+02,1.413609e+02
2.511327e+00,-3.340822e+01,1.839267e+02,1.432989e+02
5.989664e+00,-3.380733e+01,1.817787e+02,1.417672e+02
2.744436e+00,-3.330252e+01,1.851214e+02,1.442360e+02
-7.094867e+00,-3.427753e+01,1.890736e+02,1.473104e+02
4.945260e+00,-3.241633e+01,1.784843e+02,1.390431e+02
6.022481e+00,-3.341394e+01,1.817115e+02,1.415809e+02
-1.655995e+00,-3.520244e+01,1.889041e+02,1.473468e+02
4.771358e+00,-3.332240e+01,1.804841e+02,1.406182e+02
6.288877e+00,-3.289814e+01,1.803650e+02,1.406685e+02
-3.236192e+00,-3.606725e+01,1.908414e+02,1.488640e+02
5.543580e+00,-3.295757e+01,1.804340e+02,1.406197e+02
1.616916e-01,-3.372060e+01,1.834615e+02,1.429218e+02
3.255849e+00,-3.414858e+01,1.846919e+02,1.439342e+02
4.112655e+00,-3.346521e+01,1.826603e+02,1.423839e+02
1.494284e+00,-3.340049e+01,1.852440e+02,1.443822e+02
4.869520e+00,-3.443761e+01,1.844204e+02,1.436736e+02
1.938469e+00,-3.341184e+01,1.841297e+02,1.434479e+02
4.592729e+00,-3.317591e+01,1.813146e+02,1.414109e+02
4.449496e+00,-3.359439e+01,1.833366e+02,1.428458e+02
5.323016e+00,-3.405612e+01,1.833620e+02,1.428644e+02
3.105353e+00,-3.422159e+01,1.834665e+02,1.429593e+02
4.185080e+00,-3.373507e+01,1.826001e+02,1.422660e+02
4.409664e+00,-3.364869e+01,1.833659e+02,1.429467e+02
1.686164e+00,-3.511339e+01,1.844000e+02,1.436654e+02
