40,199,61,103
4.034582e+01,1.989371e+02,6.076153e+01,1.025973e+02
3.956992e+01,1.988091e+02,6.043514e+01,1.020462e+02
3.983716e+01,1.981570e+02,6.033391e+01,1.018750e+02
3.962656e+01,1.968436e+02,6.050044e+01,1.021564e+02
3.890259e+01,1.959061e+02,6.143852e+01,1.037404e+02
3.828353e+01,1.954712e+02,6.091572e+01,1.028569e+02
3.798329e+01,1.945268e+02,6.047690e+01,1.021164e+02
3.735552e+01,1.935776e+02,6.100852e+01,1.030144e+02
3.701057e+01,1.913003e+02,6.142446e+01,1.037158e+02
3.633096e+01,1.894466e+02,6.201496e+01,1.047137e+02
3.689662e+01,1.865149e+02,6.162005e+01,1.040470e+02
3.661127e+01,1.844065e+02,6.044124e+01,1.020558e+02
3.559549e+01,1.788211e+02,6.214595e+01,1.049328e+02
3.521614e+01,1.750651e+02,6.091755e+01,1.028601e+02
3.611694e+01,1.694069e+02,6.099852e+01,1.029971e+02
3.603868e+01,1.637390e+02,6.142350e+01,1.037147e+02
3.740088e+01,1.553985e+02,6.245471e+01,1.054545e+02
3.837235e+01,1.498456e+02,6.127259e+01,1.034602e+02
3.984311e+01,1.437225e+02,6.157108e+01,1.039641e+02
4.075158e+01,1.359156e+02,6.250446e+01,1.055398e+02
4.350345e+01,1.302752e+02,6.250523e+01,1.055416e+02
4.644783e+01,1.243171e+02,6.227422e+01,1.051491e+02
4.770090e+01,1.159921e+02,6.496634e+01,1.096948e+02
5.170361e+01,1.103551e+02,6.511229e+01,1.099437e+02
5.670106e+01,1.049448e+02,6.481435e+01,1.094402e+02
6.161255e+01,9.762289e+01,6.604693e+01,1.115211e+02
6.622144e+01,9.402424e+01,6.683890e+01,1.128546e+02
7.132878e+01,8.902149e+01,6.802833e+01,1.148625e+02
7.804419e+01,8.301890e+01,6.880919e+01,1.161812e+02
8.869298e+01,7.960493e+01,6.602842e+01,1.114904e+02
9.376302e+01,7.349029e+01,6.982308e+01,1.178912e+02
1.047741e+02,7.020630e+01,6.615751e+01,1.117031e+02
1.119693e+02,6.373397e+01,6.857302e+01,1.157768e+02
1.220810e+02,5.789783e+01,6.888866e+01,1.163139e+02
1.316058e+02,5.599441e+01,6.856545e+01,1.157734e+02
1.391341e+02,5.324752e+01,6.940469e+01,1.171810e+02
1.515004e+02,5.066648e+01,6.833931e+01,1.153811e+02
1.608841e+02,4.833795e+01,6.972195e+01,1.177208e+02
1.713518e+02,4.606026e+01,7.015496e+01,1.184540e+02
1.808007e+02,4.311008e+01,6.921851e+01,1.168696e+02
1.913470e+02,4.230729e+01,6.687347e+01,1.129167e+02
1.998876e+02,4.125945e+01,6.705163e+01,1.132081e+02
2.077512e+02,3.795097e+01,6.910185e+01,1.166721e+02
2.169274e+02,3.798974e+01,6.744069e+01,1.138744e+02
2.241753e+02,4.170297e+01,6.732272e+01,1.136673e+02
2.314981e+02,4.148069e+01,6.837653e+01,1.154536e+02
2.388887e+02,4.180613e+01,6.911871e+01,1.167083e+02
2.427167e+02,4.582952e+01,7.159592e+01,1.208912e+02
2.488534e+02,4.606103e+01,6.838650e+01,1.154717e+02
2.545547e+02,4.654232e+01,6.876237e+01,1.161050e+02
2.592967e+02,4.847279e+01,6.954879e+01,1.174348e+02
2.640191e+02,5.114558e+01,6.824143e+01,1.152268e+02
2.674510e+02,5.538566e+01,6.717947e+01,1.134286e+02
2.720587e+02,5.870725e+01,6.691739e+01,1.129869e+02
2.754183e+02,6.056705e+01,6.739991e+01,1.138047e+02
2.780406e+02,6.311156e+01,6.857302e+01,1.157865e+02
2.825421e+02,6.702502e+01,6.767479e+01,1.142683e+02
2.873501e+02,7.232942e+01,6.555699e+01,1.106872e+02
2.898575e+02,7.817657e+01,6.636332e+01,1.120446e+02
2.939053e+02,8.088223e+01,6.748282e+01,1.139441e+02
2.967723e+02,8.698638e+01,6.762875e+01,1.141852e+02
3.008491e+02,9.161585e+01,6.644339e+01,1.121774e+02
3.058879e+02,9.319610e+01,6.804376e+01,1.148827e+02
3.099246e+02,9.749769e+01,6.764893e+01,1.142184e+02
3.156298e+02,1.037749e+02,6.688421e+01,1.129289e+02
3.188000e+02,1.080638e+02,6.735114e+01,1.137203e+02
3.230763e+02,1.123083e+02,6.834817e+01,1.153921e+02
3.289530e+02,1.197271e+02,6.832826e+01,1.153623e+02
3.336490e+02,1.253781e+02,6.624831e+01,1.118604e+02
3.382364e+02,1.305569e+02,6.757278e+01,1.140575e+02
3.419823e+02,1.363187e+02,6.688953e+01,1.129431e+02
3.466360e+02,1.421982e+02,6.635393e+01,1.120339e+02
3.500746e+02,1.481538e+02,6.808464e+01,1.149621e+02
3.542642e+02,1.578369e+02,6.588841e+01,1.112419e+02
3.576773e+02,1.632620e+02,6.716646e+01,1.134062e+02
3.592613e+02,1.703066e+02,6.659517e+01,1.124474e+02
3.633124e+02,1.764369e+02,6.527029e+01,1.102000e+02
3.649752e+02,1.829412e+02,6.491376e+01,1.095869e+02
3.651160e+02,1.876535e+02,6.606468e+01,1.115515e+02
3.678308e+02,1.957970e+02,6.221464e+01,1.050493e+02
3.663041e+02,1.986092e+02,6.468999e+01,1.092305e+02
3.669513e+02,2.026550e+02,6.467978e+01,1.092133e+02
3.672876e+02,2.056566e+02,6.276179e+01,1.059338e+02
3.678941e+02,2.101025e+02,6.077080e+01,1.025777e+02
3.661464e+02,2.103778e+02,6.161906e+01,1.040150e+02
3.648677e+02,2.117147e+02,6.039958e+01,1.019605e+02
3.651376e+02,2.108707e+02,6.054828e+01,1.022123e+02
3.641519e+02,2.093379e+02,5.995002e+01,1.011827e+02
3.632246e+02,2.078347e+02,6.082478e+01,1.026650e+02
3.643071e+02,2.063986e+02,6.003527e+01,1.013335e+02
3.639732e+02,2.036765e+02,5.995557e+01,1.011927e+02
3.641827e+02,2.010351e+02,6.115189e+01,1.032379e+02
3.640791e+02,1.970927e+02,6.076200e+01,1.025730e+02
3.653851e+02,1.933380e+02,6.111274e+01,1.031577e+02
3.664051e+02,1.896252e+02,6.172625e+01,1.041943e+02
3.668893e+02,1.851237e+02,6.300797e+01,1.063561e+02
3.674397e+02,1.803712e+02,6.281383e+01,1.060301e+02
3.692395e+02,1.765804e+02,6.265237e+01,1.057601e+02
3.696244e+02,1.715329e+02,6.486224e+01,1.094942e+02
3.713934e+02,1.659184e+02,6.383067e+01,1.077428e+02
3.685536e+02,1.605035e+02,6.511353e+01,1.099029e+02
3.705033e+02,1.555302e+02,6.416344e+01,1.083176e+02
3.679356e+02,1.495003e+02,6.477830e+01,1.093353e+02
3.663312e+02,1.441711e+02,6.427554e+01,1.085123e+02
3.649825e+02,1.398198e+02,6.509018e+01,1.098668e+02
3.618911e+02,1.364356e+02,6.572241e+01,1.109717e+02
3.580508e+02,1.297690e+02,6.818788e+01,1.151202e+02
3.527789e+02,1.275575e+02,6.667385e+01,1.125544e+02
3.493303e+02,1.250379e+02,6.813183e+01,1.150185e+02
3.419667e+02,1.195392e+02,6.916070e+01,1.167521e+02
3.373717e+02,1.234530e+02,6.749919e+01,1.139719e+02
3.304744e+02,1.222246e+02,6.792434e+01,1.146550e+02
3.248696e+02,1.203099e+02,6.849144e+01,1.156131e+02
3.174669e+02,1.190484e+02,6.911354e+01,1.166674e+02
3.096832e+02,1.191691e+02,7.014164e+01,1.184143e+02
3.014379e+02,1.171125e+02,7.073155e+01,1.194154e+02
2.946899e+02,1.180779e+02,7.050675e+01,1.190255e+02
2.872134e+02,1.185294e+02,7.055561e+01,1.191108e+02
2.794019e+02,1.175917e+02,7.354406e+01,1.241275e+02
2.726973e+02,1.202145e+02,7.085415e+01,1.196118e+02
2.673826e+02,1.195166e+02,7.228501e+01,1.220134e+02
2.605079e+02,1.197524e+02,7.285909e+01,1.229836e+02
2.553361e+02,1.204029e+02,7.302261e+01,1.232712e+02
2.497767e+02,1.211768e+02,7.264691e+01,1.226510e+02
2.442918e+02,1.223662e+02,7.428180e+01,1.253963e+02
2.377629e+02,1.232258e+02,7.570596e+01,1.277824e+02
2.362684e+02,1.268210e+02,7.452600e+01,1.258065e+02
2.327902e+02,1.299714e+02,7.379311e+01,1.245186e+02
2.262055e+02,1.299887e+02,7.764121e+01,1.310903e+02
2.248444e+02,1.331362e+02,7.712181e+01,1.302129e+02
2.230473e+02,1.350502e+02,7.735941e+01,1.306141e+02
2.208871e+02,1.389511e+02,7.588431e+01,1.281005e+02
2.194161e+02,1.389802e+02,7.838141e+01,1.323264e+02
2.204879e+02,1.483254e+02,7.633332e+01,1.288719e+02
2.220449e+02,1.476688e+02,7.691773e+01,1.298710e+02
2.228405e+02,1.522469e+02,7.640169e+01,1.289997e+02
2.258266e+02,1.580757e+02,7.624475e+01,1.286470e+02
2.290039e+02,1.605842e+02,7.552984e+01,1.274448e+02
2.323800e+02,1.617149e+02,7.415172e+01,1.251368e+02
2.365212e+02,1.627494e+02,7.436613e+01,1.254836e+02
2.427913e+02,1.601541e+02,7.398307e+01,1.248853e+02
2.465508e+02,1.573186e+02,7.541705e+01,1.273353e+02
2.548333e+02,1.595041e+02,7.345889e+01,1.239621e+02
2.577330e+02,1.575034e+02,7.329474e+01,1.237307e+02
2.623299e+02,1.557156e+02,7.446976e+01,1.256670e+02
2.686885e+02,1.574311e+02,7.315391e+01,1.235126e+02
2.760219e+02,1.543642e+02,7.198922e+01,1.215487e+02
2.840557e+02,1.595665e+02,7.001891e+01,1.182217e+02
2.895823e+02,1.607703e+02,7.074975e+01,1.194576e+02
2.938318e+02,1.631613e+02,6.878115e+01,1.161160e+02
3.008865e+02,1.628020e+02,6.941259e+01,1.171868e+02
3.029167e+02,1.643082e+02,6.896820e+01,1.164370e+02
3.107948e+02,1.655281e+02,6.821573e+01,1.151415e+02
3.108860e+02,1.662413e+02,6.882162e+01,1.161962e+02
3.172300e+02,1.701882e+02,6.636369e+01,1.119579e+02
3.167298e+02,1.714732e+02,6.641058e+01,1.121271e+02
3.213083e+02,1.740111e+02,6.492695e+01,1.095445e+02
3.260988e+02,1.765573e+02,6.395702e+01,1.079060e+02
3.246114e+02,1.771757e+02,6.310227e+01,1.064666e+02
3.268925e+02,1.783955e+02,6.263700e+01,1.056891e+02
3.275682e+02,1.804731e+02,6.349237e+01,1.070831e+02
3.299188e+02,1.811659e+02,6.199196e+01,1.045992e+02
3.309272e+02,1.802324e+02,6.191368e+01,1.044380e+02
3.319169e+02,1.792901e+02,6.270018e+01,1.057515e+02
3.356929e+02,1.793050e+02,6.251750e+01,1.054813e+02
3.363172e+02,1.781044e+02,6.231233e+01,1.051334e+02
3.398614e+02,1.757649e+02,6.312523e+01,1.065158e+02
3.427924e+02,1.763577e+02,6.241342e+01,1.052756e+02
3.456971e+02,1.731110e+02,6.312345e+01,1.065207e+02
3.506438e+02,1.722662e+02,6.208192e+01,1.047355e+02
3.545050e+02,1.713716e+02,6.354371e+01,1.071598e+02
3.577423e+02,1.688982e+02,6.371041e+01,1.074542e+02
3.597174e+02,1.673205e+02,6.636673e+01,1.119263e+02
3.661588e+02,1.682997e+02,6.357678e+01,1.072658e+02
3.695689e+02,1.672073e+02,6.512008e+01,1.098815e+02
3.765398e+02,1.674027e+02,6.291521e+01,1.061714e+02
3.783299e+02,1.666549e+02,6.434527e+01,1.085876e+02
3.832910e+02,1.679280e+02,6.286032e+01,1.060078e+02
3.861192e+02,1.679936e+02,6.227235e+01,1.050526e+02
3.883174e+02,1.627005e+02,6.606557e+01,1.114653e+02
3.941823e+02,1.634604e+02,6.452528e+01,1.088725e+02
3.978045e+02,1.605843e+02,6.347862e+01,1.071016e+02
4.018137e+02,1.600551e+02,6.321007e+01,1.066493e+02
4.055100e+02,1.581168e+02,6.181894e+01,1.043323e+02
4.088409e+02,1.558029e+02,6.278197e+01,1.059163e+02
4.140346e+02,1.586282e+02,6.052238e+01,1.021243e+02
4.180108e+02,1.552259e+02,5.951221e+01,1.003621e+02
4.210272e+02,1.526087e+02,5.970334e+01,1.007112e+02
4.237008e+02,1.486289e+02,5.817314e+01,9.811274e+01
4.277026e+02,1.445803e+02,6.201516e+01,1.045807e+02
4.290801e+02,1.450865e+02,6.010608e+01,1.012893e+02
4.324423e+02,1.431050e+02,6.074044e+01,1.023626e+02
4.347450e+02,1.427891e+02,5.973330e+01,1.007307e+02
4.372560e+02,1.424834e+02,5.957926e+01,1.004819e+02
4.402280e+02,1.433666e+02,5.802237e+01,9.787178e+01
4.428201e+02,1.448287e+02,5.709607e+01,9.632340e+01
4.464457e+02,1.453275e+02,5.763282e+01,9.718340e+01
4.468366e+02,1.449854e+02,5.905489e+01,9.957270e+01
4.491898e+02,1.470050e+02,5.866886e+01,9.897646e+01
4.504347e+02,1.494362e+02,5.802858e+01,9.786675e+01
4.520119e+02,1.508059e+02,5.921838e+01,9.985566e+01
4.558795e+02,1.509200e+02,5.683614e+01,9.579547e+01
4.562443e+02,1.496271e+02,5.695033e+01,9.600684e+01
4.576917e+02,1.477469e+02,5.743955e+01,9.684403e+01
4.605979e+02,1.440371e+02,5.587737e+01,9.416632e+01
4.597508e+02,1.394008e+02,5.689195e+01,9.593084e+01
4.599527e+02,1.348995e+02,5.792151e+01,9.765731e+01
4.585811e+02,1.292382e+02,5.804035e+01,9.787998e+01
4.589823e+02,1.245573e+02,5.953440e+01,1.003548e+02
4.580814e+02,1.194329e+02,5.797563e+01,9.778596e+01
4.548485e+02,1.132033e+02,5.925390e+01,9.987954e+01
4.510125e+02,1.072158e+02,5.947038e+01,1.002247e+02
4.490578e+02,1.006765e+02,5.842450e+01,9.849724e+01
4.421723e+02,9.048235e+01,6.039278e+01,1.017977e+02
4.366428e+02,8.697032e+01,6.105761e+01,1.029219e+02
4.284110e+02,8.053871e+01,5.986691e+01,1.008624e+02
4.185141e+02,7.446091e+01,6.188831e+01,1.042752e+02
4.086417e+02,7.015347e+01,6.298611e+01,1.061397e+02
3.987385e+02,6.479500e+01,6.214681e+01,1.047726e+02
3.836640e+02,5.917321e+01,6.386932e+01,1.076530e+02
3.717514e+02,5.451941e+01,6.370127e+01,1.073573e+02
3.531607e+02,4.767161e+01,6.315997e+01,1.064479e+02
3.362469e+02,4.176026e+01,6.165969e+01,1.039346e+02
3.162778e+02,3.908822e+01,6.251261e+01,1.053726e+02
2.991444e+02,3.763827e+01,6.455005e+01,1.087559e+02
2.837696e+02,3.567990e+01,6.235964e+01,1.051583e+02
2.660925e+02,3.200989e+01,6.457666e+01,1.087971e+02
2.480379e+02,2.550863e+01,6.573651e+01,1.108979e+02
2.319149e+02,2.454741e+01,6.521261e+01,1.100089e+02
2.173640e+02,2.453539e+01,6.243639e+01,1.051904e+02
1.936547e+02,1.702204e+01,6.690784e+01,1.128630e+02
1.842035e+02,2.396527e+01,6.163559e+01,1.040163e+02
1.672790e+02,1.875366e+01,6.312034e+01,1.064122e+02
1.577496e+02,1.745120e+01,5.796761e+01,9.765931e+01
1.406325e+02,1.466256e+01,6.081352e+01,1.024622e+02
1.307233e+02,1.630874e+01,5.615679e+01,9.465964e+01
1.150860e+02,1.086171e+01,6.406354e+01,1.079531e+02
1.052422e+02,1.295876e+01,6.073023e+01,1.024604e+02
9.409847e+01,1.281719e+01,6.194246e+01,1.044854e+02
8.422613e+01,1.727065e+01,6.274191e+01,1.058982e+02
7.462900e+01,2.095225e+01,5.963284e+01,1.005531e+02
6.178503e+01,2.556629e+01,6.300633e+01,1.062245e+02
5.910024e+01,3.130505e+01,6.061028e+01,1.022501e+02
5.245526e+01,3.224751e+01,6.460427e+01,1.088958e+02
5.018339e+01,4.323740e+01,5.908906e+01,9.968080e+01
4.161090e+01,4.855185e+01,6.319575e+01,1.065207e+02
3.073743e+01,5.124092e+01,6.564807e+01,1.107857e+02
2.700233e+01,5.845581e+01,6.444626e+01,1.085326e+02
2.315349e+01,6.523968e+01,6.555867e+01,1.106366e+02
2.376090e+01,7.431634e+01,6.232571e+01,1.051688e+02
1.791659e+01,8.383475e+01,6.399577e+01,1.078935e+02
1.685835e+01,8.932966e+01,6.554926e+01,1.105446e+02
1.340908e+01,9.689528e+01,6.444685e+01,1.087732e+02
1.275995e+01,1.035256e+02,6.323560e+01,1.065577e+02
1.368673e+01,1.122956e+02,6.098131e+01,1.029032e+02
1.012168e+01,1.175136e+02,6.131189e+01,1.033693e+02
9.236411e+00,1.241633e+02,6.090814e+01,1.027245e+02
9.348428e+00,1.290982e+02,5.890853e+01,9.928040e+01
7.999103e+00,1.335149e+02,6.097683e+01,1.029154e+02
1.078470e+01,1.391491e+02,5.936267e+01,1.000412e+02
1.369219e+01,1.433138e+02,5.849883e+01,9.860063e+01
1.208805e+01,1.450033e+02,5.905568e+01,9.965852e+01
1.106975e+01,1.486619e+02,5.751062e+01,9.694345e+01
1.493871e+01,1.540421e+02,5.779060e+01,9.749582e+01
1.361802e+01,1.580626e+02,5.765430e+01,9.726830e+01
1.454982e+01,1.593257e+02,5.903443e+01,9.956095e+01
1.610283e+01,1.624539e+02,5.976107e+01,1.008507e+02
1.872333e+01,1.689048e+02,5.630946e+01,9.502026e+01
1.988584e+01,1.704163e+02,5.787488e+01,9.765446e+01
2.229450e+01,1.747264e+02,5.620159e+01,9.484243e+01
2.430868e+01,1.796400e+02,5.789258e+01,9.755717e+01
2.585409e+01,1.827311e+02,5.798878e+01,9.783421e+01
2.852418e+01,1.882320e+02,5.602669e+01,9.456392e+01
3.111834e+01,1.916126e+02,5.749669e+01,9.691270e+01
3.320419e+01,1.957616e+02,5.703478e+01,9.623653e+01
3.574473e+01,1.996076e+02,5.744919e+01,9.679213e+01
3.870912e+01,2.046075e+02,5.559699e+01,9.384461e+01
4.140922e+01,2.081115e+02,5.501109e+01,9.283460e+01
4.251309e+01,2.118041e+02,5.588134e+01,9.426457e+01
4.417060e+01,2.143844e+02,5.630083e+01,9.499443e+01
4.753879e+01,2.171317e+02,5.525856e+01,9.325956e+01
4.916785e+01,2.205749e+02,5.433461e+01,9.172498e+01
4.963397e+01,2.213035e+02,5.606254e+01,9.460952e+01
5.278813e+01,2.254439e+02,5.325949e+01,8.990291e+01
5.461719e+01,2.283423e+02,5.413975e+01,9.139127e+01
5.690027e+01,2.301764e+02,5.361329e+01,9.044676e+01
5.416856e+01,2.312405e+02,5.666722e+01,9.560392e+01
6.063077e+01,2.362769e+02,5.256336e+01,8.873748e+01
5.761913e+01,2.360951e+02,5.501733e+01,9.283792e+01
5.714677e+01,2.383898e+02,5.483866e+01,9.257671e+01
5.907294e+01,2.398035e+02,5.417501e+01,9.144423e+01
5.904979e+01,2.379131e+02,5.529679e+01,9.331283e+01
6.248342e+01,2.405850e+02,5.254242e+01,8.862962e+01
6.164762e+01,2.398225e+02,5.465985e+01,9.226708e+01
6.278913e+01,2.427830e+02,5.360021e+01,9.044608e+01
6.585655e+01,2.429509e+02,5.190543e+01,8.760519e+01
6.544815e+01,2.432478e+02,5.214174e+01,8.802488e+01
6.638842e+01,2.433891e+02,5.278157e+01,8.909374e+01
6.872140e+01,2.443099e+02,5.174945e+01,8.736355e+01
6.656501e+01,2.453330e+02,5.394190e+01,9.105663e+01
6.665610e+01,2.450469e+02,5.615867e+01,9.475498e+01
6.837913e+01,2.473953e+02,5.253798e+01,8.863018e+01
7.060908e+01,2.488635e+02,5.235725e+01,8.836938e+01
6.942817e+01,2.489398e+02,5.414767e+01,9.140030e+01
7.256575e+01,2.508395e+02,5.290355e+01,8.931276e+01
7.143903e+01,2.512515e+02,5.325888e+01,8.990693e+01
7.140949e+01,2.533574e+02,5.354371e+01,9.039082e+01
7.136593e+01,2.541923e+02,5.446181e+01,9.192536e+01
7.401415e+01,2.563590e+02,5.214089e+01,8.801967e+01
7.209315e+01,2.573311e+02,5.436501e+01,9.175867e+01
7.110399e+01,2.592576e+02,5.474070e+01,9.242269e+01
7.193622e+01,2.619220e+02,5.342249e+01,9.016605e+01
7.261741e+01,2.634133e+02,5.430286e+01,9.168540e+01
7.145978e+01,2.667887e+02,5.289383e+01,8.926487e+01
7.212005e+01,2.683836e+02,5.399748e+01,9.113706e+01
7.238808e+01,2.704109e+02,5.199706e+01,8.778349e+01
7.146951e+01,2.708302e+02,5.240025e+01,8.843096e+01
7.327518e+01,2.718108e+02,5.257889e+01,8.873193e+01
7.426716e+01,2.733790e+02,5.338873e+01,9.014369e+01
7.596441e+01,2.727857e+02,5.309980e+01,8.962472e+01
7.450394e+01,2.725522e+02,5.312616e+01,8.967182e+01
7.602815e+01,2.729894e+02,5.359263e+01,9.045745e+01
7.520204e+01,2.751216e+02,5.116541e+01,8.635559e+01
7.774401e+01,2.768782e+02,5.358936e+01,9.048506e+01
7.844040e+01,2.781477e+02,5.440108e+01,9.181412e+01
8.017901e+01,2.799338e+02,5.184807e+01,8.751439e+01
8.114709e+01,2.810242e+02,5.127125e+01,8.656481e+01
7.974722e+01,2.811341e+02,5.151179e+01,8.697451e+01
8.544173e+01,2.816344e+02,5.121515e+01,8.646141e+01
7.015445e+01,2.854793e+02,5.193348e+01,8.767827e+01
6.827001e+01,2.863674e+02,5.073881e+01,8.564376e+01
7.124887e+01,2.885959e+02,5.040576e+01,8.507940e+01
6.979063e+01,2.878123e+02,4.982408e+01,8.409142e+01
7.175127e+01,2.872600e+02,4.925211e+01,8.314208e+01
6.989495e+01,2.857362e+02,5.212816e+01,8.800542e+01
7.576942e+01,2.895691e+02,4.898933e+01,8.271956e+01
7.324658e+01,2.852172e+02,5.308856e+01,8.957970e+01
7.313462e+01,2.860980e+02,5.263972e+01,8.886255e+01
7.348263e+01,2.887443e+02,4.919059e+01,8.305707e+01
7.595159e+01,2.836688e+02,5.253228e+01,8.865651e+01
7.356857e+01,2.852049e+02,5.278486e+01,8.911808e+01
7.525185e+01,2.862608e+02,5.096608e+01,8.601635e+01
7.241793e+01,2.836930e+02,5.359765e+01,9.048265e+01
7.279113e+01,2.838796e+02,5.359749e+01,9.046820e+01
7.447107e+01,2.822844e+02,5.358610e+01,9.047333e+01
7.446031e+01,2.866357e+02,5.117347e+01,8.640731e+01
7.401480e+01,2.853565e+02,5.201895e+01,8.783429e+01
7.442981e+01,2.848145e+02,5.293181e+01,8.934253e+01
7.553350e+01,2.863031e+02,5.096851e+01,8.606071e+01
7.449154e+01,2.860849e+02,5.152781e+01,8.700251e+01
7.470940e+01,2.850735e+02,5.207300e+01,8.788151e+01
7.451024e+01,2.845168e+02,5.282860e+01,8.917762e+01
7.502557e+01,2.865038e+02,5.130814e+01,8.659321e+01
7.344793e+01,2.844684e+02,5.385862e+01,9.090892e+01
7.371414e+01,2.844242e+02,5.283255e+01,8.917134e+01
7.431514e+01,2.872217e+02,5.045645e+01,8.516789e+01
7.425415e+01,2.850623e+02,5.283917e+01,8.921045e+01
7.265169e+01,2.859660e+02,5.218534e+01,8.808791e+01
7.441250e+01,2.863797e+02,5.076457e+01,8.566516e+01
7.417648e+01,2.870069e+02,5.099365e+01,8.605411e+01
7.360884e+01,2.848611e+02,5.368035e+01,9.062414e+01
7.558141e+01,2.825586e+02,5.434318e+01,9.169582e+01
7.950350e+01,2.823282e+02,5.192876e+01,8.766942e+01
7.412424e+01,2.819012e+02,5.481731e+01,9.253427e+01
7.064037e+01,2.786406e+02,5.168637e+01,8.727001e+01
7.006262e+01,2.763957e+02,5.255949e+01,8.874598e+01
6.610888e+01,2.745073e+02,5.266956e+01,8.891877e+01
6.714268e+01,2.711580e+02,5.176911e+01,8.741316e+01
6.633181e+01,2.686935e+02,5.103106e+01,8.615882e+01
6.712651e+01,2.635035e+02,4.847702e+01,8.183923e+01
6.332080e+01,2.590675e+02,5.052536e+01,8.531149e+01
6.235780e+01,2.524805e+02,5.037550e+01,8.505610e+01
6.135266e+01,2.469033e+02,4.980446e+01,8.408906e+01
5.976640e+01,2.396852e+02,5.071149e+01,8.561841e+01
5.800121e+01,2.305420e+02,5.315484e+01,8.973874e+01
6.427683e+01,2.268517e+02,4.525857e+01,7.640112e+01
6.124902e+01,2.135722e+02,5.024825e+01,8.483763e+01
5.984355e+01,2.049240e+02,4.935318e+01,8.332066e+01
5.715535e+01,1.928956e+02,5.143234e+01,8.683321e+01
6.134896e+01,1.864406e+02,5.020028e+01,8.475579e+01
6.180705e+01,1.780941e+02,4.975117e+01,8.400364e+01
6.009924e+01,1.707395e+02,5.046461e+01,8.520813e+01
6.177235e+01,1.629671e+02,5.107999e+01,8.624937e+01
6.242767e+01,1.581072e+02,5.313472e+01,8.971862e+01
6.288782e+01,1.482312e+02,5.463111e+01,9.224574e+01
6.478147e+01,1.401824e+02,5.455103e+01,9.209035e+01
7.152166e+01,1.404540e+02,5.174053e+01,8.734948e+01
7.433431e+01,1.322464e+02,5.507725e+01,9.298412e+01
7.929583e+01,1.276437e+02,5.475950e+01,9.244436e+01
8.679119e+01,1.224752e+02,5.465522e+01,9.228410e+01
9.329351e+01,1.210554e+02,5.379646e+01,9.082944e+01
1.000669e+02,1.140885e+02,5.494799e+01,9.277335e+01
1.092782e+02,1.117695e+02,5.639439e+01,9.521543e+01
1.192125e+02,1.065800e+02,5.766761e+01,9.736757e+01
1.274581e+02,1.024805e+02,5.807000e+01,9.804571e+01
1.411399e+02,1.036248e+02,5.628531e+01,9.502666e+01
1.537186e+02,1.052312e+02,5.561657e+01,9.389818e+01
1.642503e+02,1.064105e+02,5.578846e+01,9.417546e+01
1.786527e+02,1.068646e+02,5.564328e+01,9.394651e+01
1.880555e+02,1.055111e+02,5.574394e+01,9.410747e+01
2.016706e+02,1.067914e+02,5.782031e+01,9.760916e+01
2.186894e+02,1.064243e+02,5.646165e+01,9.532501e+01
2.249437e+02,1.086477e+02,5.930974e+01,1.001370e+02
2.424432e+02,1.088773e+02,5.700640e+01,9.625617e+01
2.553677e+02,1.123898e+02,5.779560e+01,9.757995e+01
2.657100e+02,1.148819e+02,5.740292e+01,9.691202e+01
2.733763e+02,1.200543e+02,5.780768e+01,9.759719e+01
2.787461e+02,1.231453e+02,6.100376e+01,1.029632e+02
2.923218e+02,1.263101e+02,5.964196e+01,1.006953e+02
2.990566e+02,1.300660e+02,5.867533e+01,9.905949e+01
3.026551e+02,1.357927e+02,5.947140e+01,1.003770e+02
3.102691e+02,1.461130e+02,5.691989e+01,9.606957e+01
3.131566e+02,1.519955e+02,5.875096e+01,9.916848e+01
3.110624e+02,1.572082e+02,6.144663e+01,1.037033e+02
3.138557e+02,1.644350e+02,5.893886e+01,9.948749e+01
3.161558e+02,1.692232e+02,5.788257e+01,9.769351e+01
3.076181e+02,1.755902e+02,5.909169e+01,9.974223e+01
3.068300e+02,1.746229e+02,6.169641e+01,1.041340e+02
3.048723e+02,1.779560e+02,6.232165e+01,1.051872e+02
2.974284e+02,1.805812e+02,6.298790e+01,1.063131e+02
2.986656e+02,1.827944e+02,6.057099e+01,1.022200e+02
2.934684e+02,1.850141e+02,6.062299e+01,1.022848e+02
2.880592e+02,1.865978e+02,6.133375e+01,1.034885e+02
2.853079e+02,1.878991e+02,6.234583e+01,1.052066e+02
2.836608e+02,1.889761e+02,6.002858e+01,1.013033e+02
2.782873e+02,1.879910e+02,6.154787e+01,1.038419e+02
2.776654e+02,1.901808e+02,6.006801e+01,1.013450e+02
2.777795e+02,1.920253e+02,5.794071e+01,9.782562e+01
2.766519e+02,1.943560e+02,5.490848e+01,9.270282e+01
2.729978e+02,1.963805e+02,5.709580e+01,9.639910e+01
2.734530e+02,1.964997e+02,5.578945e+01,9.419579e+01
2.682840e+02,1.983727e+02,5.655381e+01,9.540695e+01
2.696995e+02,2.019022e+02,5.607678e+01,9.467860e+01
2.655446e+02,2.020351e+02,5.820545e+01,9.826623e+01
2.655361e+02,2.055454e+02,5.547218e+01,9.366525e+01
2.640993e+02,2.072528e+02,5.448619e+01,9.199540e+01
2.639063e+02,2.092204e+02,5.611961e+01,9.475715e+01
2.633246e+02,2.095680e+02,5.578343e+01,9.417912e+01
2.615757e+02,2.117107e+02,5.537591e+01,9.349128e+01
2.633431e+02,2.154402e+02,5.175740e+01,8.737680e+01
2.614139e+02,2.160059e+02,5.302091e+01,8.952672e+01
2.618827e+02,2.185081e+02,5.352857e+01,9.038320e+01
2.582377e+02,2.196361e+02,5.414587e+01,9.142663e+01
2.601895e+02,2.226070e+02,5.339485e+01,9.015814e+01
2.575853e+02,2.230475e+02,5.314084e+01,8.972633e+01
2.551877e+02,2.265764e+02,5.058645e+01,8.540442e+01
2.568483e+02,2.270870e+02,5.207066e+01,8.792224e+01
2.527232e+02,2.284451e+02,5.232463e+01,8.834877e+01
2.515892e+02,2.296083e+02,5.210913e+01,8.798319e+01
2.529078e+02,2.313383e+02,5.301787e+01,8.952168e+01
2.511758e+02,2.311351e+02,5.161081e+01,8.714276e+01
2.509071e+02,2.297747e+02,5.210708e+01,8.798136e+01
2.495622e+02,2.284686e+02,5.113129e+01,8.633635e+01
2.487276e+02,2.248331e+02,5.205375e+01,8.789000e+01
2.482072e+02,2.209890e+02,5.057922e+01,8.540419e+01
2.475670e+02,2.150756e+02,4.969075e+01,8.390313e+01
2.428098e+02,2.074504e+02,5.412176e+01,9.138461e+01
2.422507e+02,1.992956e+02,5.420762e+01,9.153089e+01
2.427539e+02,1.888839e+02,5.239479e+01,8.846851e+01
2.436503e+02,1.800012e+02,5.212702e+01,8.801768e+01
2.452915e+02,1.704380e+02,5.138930e+01,8.677207e+01
2.453926e+02,1.616621e+02,5.195926e+01,8.773441e+01
2.449447e+02,1.522916e+02,5.196981e+01,8.775215e+01
2.475188e+02,1.441543e+02,5.164287e+01,8.719685e+01
2.484747e+02,1.354550e+02,5.356747e+01,9.044705e+01
2.483957e+02,1.296172e+02,5.491412e+01,9.272385e+01
2.557770e+02,1.239056e+02,5.389923e+01,9.100948e+01
2.551384e+02,1.228462e+02,5.559790e+01,9.387787e+01
2.610238e+02,1.230815e+02,5.160276e+01,8.711888e+01
2.635047e+02,1.167281e+02,5.404856e+01,9.126232e+01
2.685156e+02,1.176834e+02,5.452390e+01,9.206488e+01
2.736719e+02,1.135523e+02,5.761687e+01,9.728501e+01
2.764534e+02,1.140836e+02,5.708982e+01,9.639370e+01
2.810606e+02,1.126258e+02,5.811042e+01,9.812053e+01
2.863927e+02,1.132757e+02,5.928172e+01,1.000975e+02
2.907814e+02,1.153794e+02,5.905088e+01,9.970688e+01
2.939124e+02,1.163901e+02,5.992740e+01,1.011888e+02
3.009301e+02,1.207175e+02,5.898027e+01,9.958831e+01
3.021079e+02,1.234261e+02,5.907634e+01,9.975177e+01
3.019858e+02,1.296570e+02,6.107626e+01,1.031272e+02
3.054775e+02,1.337002e+02,5.886092e+01,9.938673e+01
3.024019e+02,1.396920e+02,6.083829e+01,1.027243e+02
2.995467e+02,1.488959e+02,6.113252e+01,1.032224e+02
2.972783e+02,1.596208e+02,5.995093e+01,1.012286e+02
2.892047e+02,1.693833e+02,6.283855e+01,1.061004e+02
2.802557e+02,1.831763e+02,6.190526e+01,1.045283e+02
2.712012e+02,1.955799e+02,6.309883e+01,1.065405e+02
2.634248e+02,2.088231e+02,6.256331e+01,1.056336e+02
2.526378e+02,2.201991e+02,6.106899e+01,1.031162e+02
2.437925e+02,2.272378e+02,6.242681e+01,1.054092e+02
2.321219e+02,2.384180e+02,6.115711e+01,1.032640e+02
2.211294e+02,2.424435e+02,6.363481e+01,1.074488e+02
2.224712e+02,2.543166e+02,5.432755e+01,9.173257e+01
2.074393e+02,2.461852e+02,6.450903e+01,1.089199e+02
2.024609e+02,2.452966e+02,6.517920e+01,1.100564e+02
1.977156e+02,2.416767e+02,6.363992e+01,1.074535e+02
1.958669e+02,2.336954e+02,6.463054e+01,1.091279e+02
1.917771e+02,2.233276e+02,6.510994e+01,1.099389e+02
1.928091e+02,2.149678e+02,6.423356e+01,1.084579e+02
1.912747e+02,2.034933e+02,6.396029e+01,1.079966e+02
1.974492e+02,1.949446e+02,6.312945e+01,1.065954e+02
1.950737e+02,1.850566e+02,6.360466e+01,1.073978e+02
2.001128e+02,1.756410e+02,6.559992e+01,1.107671e+02
2.007754e+02,1.690627e+02,6.835770e+01,1.154007e+02
2.076710e+02,1.615598e+02,6.893608e+01,1.163956e+02
2.123400e+02,1.601944e+02,6.738812e+01,1.137626e+02
2.175815e+02,1.526396e+02,6.741383e+01,1.138096e+02
2.272655e+02,1.497105e+02,6.749474e+01,1.139443e+02
2.357722e+02,1.460866e+02,6.674426e+01,1.126831e+02
2.444138e+02,1.460778e+02,6.824512e+01,1.152333e+02
2.514631e+02,1.403296e+02,7.037531e+01,1.188154e+02
2.645441e+02,1.429816e+02,6.672488e+01,1.126377e+02
2.723518e+02,1.473589e+02,7.001680e+01,1.182251e+02
2.847669e+02,1.479187e+02,6.985563e+01,1.179527e+02
2.973628e+02,1.536074e+02,6.990696e+01,1.180395e+02
3.081697e+02,1.589508e+02,7.112265e+01,1.200918e+02
3.237318e+02,1.654907e+02,7.052813e+01,1.190881e+02
3.371757e+02,1.724730e+02,6.770428e+01,1.143184e+02
3.518581e+02,1.752446e+02,6.805330e+01,1.149090e+02
3.639529e+02,1.749077e+02,7.202125e+01,1.215883e+02
3.762312e+02,1.762876e+02,7.091290e+01,1.197373e+02
3.866587e+02,1.755448e+02,7.171743e+01,1.210966e+02
3.990349e+02,1.739836e+02,7.207570e+01,1.216964e+02
4.114521e+02,1.739835e+02,7.104355e+01,1.199457e+02
4.174540e+02,1.712686e+02,7.121021e+01,1.202400e+02
4.241576e+02,1.703117e+02,7.157872e+01,1.208621e+02
4.315959e+02,1.691530e+02,6.965355e+01,1.176081e+02
4.330077e+02,1.650501e+02,7.144354e+01,1.205993e+02
4.367604e+02,1.595095e+02,7.074973e+01,1.194626e+02
4.357258e+02,1.529036e+02,7.125754e+01,1.203192e+02
4.285274e+02,1.493088e+02,7.276631e+01,1.228581e+02
4.273893e+02,1.453851e+02,6.933116e+01,1.170649e+02
4.180032e+02,1.405178e+02,7.040208e+01,1.188741e+02
4.086156e+02,1.378770e+02,6.950880e+01,1.173607e+02
3.926061e+02,1.326077e+02,7.138251e+01,1.205306e+02
3.754833e+02,1.263918e+02,7.359143e+01,1.242587e+02
3.605578e+02,1.262037e+02,7.395606e+01,1.248712e+02
3.394441e+02,1.188895e+02,7.638877e+01,1.289794e+02
3.216033e+02,1.203987e+02,7.317616e+01,1.235510e+02
2.942565e+02,1.161820e+02,7.832603e+01,1.322481e+02
2.688250e+02,1.190853e+02,7.164280e+01,1.209697e+02
2.424553e+02,1.181003e+02,7.374415e+01,1.244425e+02
2.066047e+02,1.188324e+02,7.277735e+01,1.228850e+02
1.736452e+02,1.206708e+02,7.593471e+01,1.282122e+02
1.385304e+02,1.219253e+02,7.388820e+01,1.247599e+02
1.149879e+02,1.269888e+02,8.163364e+01,1.378276e+02
9.314598e+01,1.391645e+02,7.904569e+01,1.334682e+02
5.861731e+01,1.318503e+02,7.546622e+01,1.273634e+02
3.136685e+01,1.287712e+02,7.491659e+01,1.264417e+02
1.518834e+01,1.302804e+02,6.965139e+01,1.176040e+02
-2.028605e+00,1.267037e+02,7.133747e+01,1.204015e+02
5.764094e+00,1.282857e+02,6.800861e+01,1.148319e+02
8.605327e-01,1.274591e+02,6.709327e+01,1.132856e+02
-5.078981e-01,1.149765e+02,7.074553e+01,1.194478e+02
-2.525260e+00,1.126441e+02,6.918255e+01,1.168158e+02
-2.990888e+00,1.004997e+02,6.958379e+01,1.174850e+02
-4.860222e-01,8.831782e+01,7.132045e+01,1.203847e+02
3.210701e+00,8.524156e+01,6.518233e+01,1.100571e+02
-3.257157e-01,6.949062e+01,7.089898e+01,1.196481e+02
1.082093e+01,5.667992e+01,7.253796e+01,1.224105e+02
2.493149e+01,5.042519e+01,7.073631e+01,1.194184e+02
4.447147e+01,4.225311e+01,7.153015e+01,1.207634e+02
5.843693e+01,3.527034e+01,6.946343e+01,1.172874e+02
7.587313e+01,3.248243e+01,6.618991e+01,1.117535e+02
9.295903e+01,2.721350e+01,6.438695e+01,1.087171e+02
1.115581e+02,2.598450e+01,6.036798e+01,1.019321e+02
1.239373e+02,1.827217e+01,6.684654e+01,1.128254e+02
1.438962e+02,1.978770e+01,6.373870e+01,1.076213e+02
1.585865e+02,1.581550e+01,6.650685e+01,1.122905e+02
1.735576e+02,1.926781e+01,6.307399e+01,1.065019e+02
1.878835e+02,1.971291e+01,6.827104e+01,1.152369e+02
2.010922e+02,2.132816e+01,6.507888e+01,1.098873e+02
2.153802e+02,1.843070e+01,6.934092e+01,1.170648e+02
2.262892e+02,2.125201e+01,6.950979e+01,1.173262e+02
2.403925e+02,2.391613e+01,6.869527e+01,1.159376e+02
2.512180e+02,2.665219e+01,7.139005e+01,1.204801e+02
2.587578e+02,3.088475e+01,7.518546e+01,1.269483e+02
2.695307e+02,4.072759e+01,7.306592e+01,1.233261e+02
2.760517e+02,4.722366e+01,7.175199e+01,1.210934e+02
2.827373e+02,5.561667e+01,7.092499e+01,1.197249e+02
2.883947e+02,6.366615e+01,7.169867e+01,1.209908e+02
2.893473e+02,7.594859e+01,7.125761e+01,1.202668e+02
2.966475e+02,8.684382e+01,6.660888e+01,1.124666e+02
2.936813e+02,9.341610e+01,7.223072e+01,1.219519e+02
2.931665e+02,1.059052e+02,7.216777e+01,1.217964e+02
2.965665e+02,1.185012e+02,6.562759e+01,1.108058e+02
2.949104e+02,1.263358e+02,6.567636e+01,1.108840e+02
2.908485e+02,1.340853e+02,7.026616e+01,1.186043e+02
2.885207e+02,1.399423e+02,7.095632e+01,1.197795e+02
2.900301e+02,1.516290e+02,6.504933e+01,1.098371e+02
2.859055e+02,1.563566e+02,6.990477e+01,1.179840e+02
2.870743e+02,1.651342e+02,6.665144e+01,1.125209e+02
2.878882e+02,1.752233e+02,6.286266e+01,1.061417e+02
2.844864e+02,1.799611e+02,6.689072e+01,1.129048e+02
2.860427e+02,1.882299e+02,6.544622e+01,1.104876e+02
2.875377e+02,1.955923e+02,6.464115e+01,1.091214e+02
2.859920e+02,1.993857e+02,6.572349e+01,1.109041e+02
2.893106e+02,2.047760e+02,6.407815e+01,1.081968e+02
2.900580e+02,2.069761e+02,6.492207e+01,1.096218e+02
2.941935e+02,2.103949e+02,6.348109e+01,1.071875e+02
2.931971e+02,2.091131e+02,6.712045e+01,1.133345e+02
2.973230e+02,2.080909e+02,6.769117e+01,1.142982e+02
3.013599e+02,2.048527e+02,6.470199e+01,1.092484e+02
3.035229e+02,2.022990e+02,6.580011e+01,1.111044e+02
3.053524e+02,1.988418e+02,6.556263e+01,1.106348e+02
3.093748e+02,1.954587e+02,6.448776e+01,1.088633e+02
3.080944e+02,1.889071e+02,6.872965e+01,1.159639e+02
3.126434e+02,1.869313e+02,6.727551e+01,1.135422e+02
3.129611e+02,1.830966e+02,6.929771e+01,1.169702e+02
3.142634e+02,1.838210e+02,6.955139e+01,1.173526e+02
3.136433e+02,1.821444e+02,7.059358e+01,1.191086e+02
3.147218e+02,1.788411e+02,7.152071e+01,1.206743e+02
3.159669e+02,1.834565e+02,7.119181e+01,1.201160e+02
3.141536e+02,1.870929e+02,7.075609e+01,1.194157e+02
3.125962e+02,1.876233e+02,7.204092e+01,1.215493e+02
3.117086e+02,1.863343e+02,7.432283e+01,1.254116e+02
3.090441e+02,1.899789e+02,7.265639e+01,1.225281e+02
3.031452e+02,1.962728e+02,7.250206e+01,1.223071e+02
2.990433e+02,1.950779e+02,7.362197e+01,1.242308e+02
2.917034e+02,1.966738e+02,7.271308e+01,1.226656e+02
2.864807e+02,1.971027e+02,7.377992e+01,1.244724e+02
2.745491e+02,1.955499e+02,7.586392e+01,1.279165e+02
2.622806e+02,2.020907e+02,7.419263e+01,1.250964e+02
2.535587e+02,2.014149e+02,7.539701e+01,1.271317e+02
2.400552e+02,2.050865e+02,7.447827e+01,1.256444e+02
2.315243e+02,2.080105e+02,7.135108e+01,1.203431e+02
2.215685e+02,2.070807e+02,7.344195e+01,1.239021e+02
2.040932e+02,2.069181e+02,7.460216e+01,1.259140e+02
1.931722e+02,2.078897e+02,7.381480e+01,1.244678e+02
1.843676e+02,2.124940e+02,7.497575e+01,1.264944e+02
1.733743e+02,2.156961e+02,7.452071e+01,1.257437e+02
1.661166e+02,2.181677e+02,7.197134e+01,1.214110e+02
1.571071e+02,2.191820e+02,7.666392e+01,1.293866e+02
1.522868e+02,2.225555e+02,7.332562e+01,1.236768e+02
1.447165e+02,2.215584e+02,7.472182e+01,1.261143e+02
1.424115e+02,2.215633e+02,7.473204e+01,1.260161e+02
1.393265e+02,2.272308e+02,7.802061e+01,1.315795e+02
1.433797e+02,2.376609e+02,6.978492e+01,1.177541e+02
1.382262e+02,2.360360e+02,7.756878e+01,1.308185e+02
1.405081e+02,2.469135e+02,7.476226e+01,1.261896e+02
1.427258e+02,2.582437e+02,6.566477e+01,1.107293e+02
1.480669e+02,2.648335e+02,6.790677e+01,1.145215e+02
1.520021e+02,2.703706e+02,6.649271e+01,1.121555e+02
1.488042e+02,2.685733e+02,7.271783e+01,1.226469e+02
1.568317e+02,2.768970e+02,6.555464e+01,1.106143e+02
1.611891e+02,2.795329e+02,6.566565e+01,1.107260e+02
1.649504e+02,2.806403e+02,6.499758e+01,1.096127e+02
1.703826e+02,2.842247e+02,6.432454e+01,1.085165e+02
1.697677e+02,2.778025e+02,6.993186e+01,1.179413e+02
1.734418e+02,2.798398e+02,6.774669e+01,1.142416e+02
1.761740e+02,2.768078e+02,6.848282e+01,1.155215e+02
1.795942e+02,2.773266e+02,6.800839e+01,1.147268e+02
1.837302e+02,2.782206e+02,6.472293e+01,1.092129e+02
1.877689e+02,2.772366e+02,6.678839e+01,1.126949e+02
1.895367e+02,2.712689e+02,7.111736e+01,1.199974e+02
1.915183e+02,2.702038e+02,7.200888e+01,1.214584e+02
1.962665e+02,2.706575e+02,7.151062e+01,1.206623e+02
2.022568e+02,2.706401e+02,7.027873e+01,1.185664e+02
2.115246e+02,2.750464e+02,6.636268e+01,1.119805e+02
2.154618e+02,2.642821e+02,7.530821e+01,1.268792e+02
2.223114e+02,2.650897e+02,7.595693e+01,1.279160e+02
2.297751e+02,2.575120e+02,7.575748e+01,1.277767e+02
2.437882e+02,2.607841e+02,7.068442e+01,1.192656e+02
2.468378e+02,2.592346e+02,7.596114e+01,1.281172e+02
2.626622e+02,2.592810e+02,7.360104e+01,1.241742e+02
2.773455e+02,2.547143e+02,7.537750e+01,1.271601e+02
2.894470e+02,2.611596e+02,7.089713e+01,1.196106e+02
3.031390e+02,2.618968e+02,6.960285e+01,1.174106e+02
3.171450e+02,2.643693e+02,6.808349e+01,1.148510e+02
3.246014e+02,2.563879e+02,7.635824e+01,1.288052e+02
3.449941e+02,2.688568e+02,6.469929e+01,1.090856e+02
3.604093e+02,2.641444e+02,6.845590e+01,1.155262e+02
3.762475e+02,2.570186e+02,7.236940e+01,1.220956e+02
3.892924e+02,2.627485e+02,6.804995e+01,1.147952e+02
4.030045e+02,2.543402e+02,7.027842e+01,1.185484e+02
4.166889e+02,2.546091e+02,6.603082e+01,1.113974e+02
4.265583e+02,2.531084e+02,6.432621e+01,1.085631e+02
4.413563e+02,2.433891e+02,6.865739e+01,1.158230e+02
4.536041e+02,2.403750e+02,6.933645e+01,1.170065e+02
4.569709e+02,2.369614e+02,7.275797e+01,1.227924e+02
4.694261e+02,2.345531e+02,7.152535e+01,1.206990e+02
4.746167e+02,2.295291e+02,7.310001e+01,1.233710e+02
4.716029e+02,2.208466e+02,7.739985e+01,1.305711e+02
4.800046e+02,2.198325e+02,7.031404e+01,1.184588e+02
4.777192e+02,2.068976e+02,7.698640e+01,1.298335e+02
4.818168e+02,2.046387e+02,7.225372e+01,1.218398e+02
4.799920e+02,1.905211e+02,7.579343e+01,1.279040e+02
4.725030e+02,1.778519e+02,7.486191e+01,1.262757e+02
4.674518e+02,1.669784e+02,7.577069e+01,1.278817e+02
4.533317e+02,1.546366e+02,7.883246e+01,1.330294e+02
4.465115e+02,1.367133e+02,7.409593e+01,1.250510e+02
4.293321e+02,1.188874e+02,8.053906e+01,1.358473e+02
4.135364e+02,9.703878e+01,8.099048e+01,1.366143e+02
4.011634e+02,8.840945e+01,7.935663e+01,1.338364e+02
3.792534e+02,6.844998e+01,8.134098e+01,1.372051e+02
3.605415e+02,5.608801e+01,8.194647e+01,1.382417e+02
3.374125e+02,4.061767e+01,7.737055e+01,1.305730e+02
3.103411e+02,2.575856e+01,8.242119e+01,1.390662e+02
2.946538e+02,2.331038e+01,7.943702e+01,1.340544e+02
2.703012e+02,1.996482e+01,7.528327e+01,1.270601e+02
2.542183e+02,2.046071e+01,7.813645e+01,1.318946e+02
2.286497e+02,2.011063e+01,7.465547e+01,1.259864e+02
2.077813e+02,1.976505e+01,7.901498e+01,1.333926e+02
1.862610e+02,2.478354e+01,7.949528e+01,1.341689e+02
1.702785e+02,3.451159e+01,7.971622e+01,1.345692e+02
1.537647e+02,5.148556e+01,7.562252e+01,1.275990e+02
1.381915e+02,6.527330e+01,7.796783e+01,1.315089e+02
1.291382e+02,8.111575e+01,7.779106e+01,1.312480e+02
1.227690e+02,9.899810e+01,7.992550e+01,1.349202e+02
1.197468e+02,1.154070e+02,7.972095e+01,1.345376e+02
1.178476e+02,1.282523e+02,8.200655e+01,1.384338e+02
1.241896e+02,1.391204e+02,7.889040e+01,1.331823e+02
1.297944e+02,1.555410e+02,7.527316e+01,1.270855e+02
1.379133e+02,1.677433e+02,7.785704e+01,1.314396e+02
1.428820e+02,1.772053e+02,7.692571e+01,1.298452e+02
1.482485e+02,1.813596e+02,7.652445e+01,1.291386e+02
1.595922e+02,1.930780e+02,7.501549e+01,1.264808e+02
1.692759e+02,2.010469e+02,7.344753e+01,1.239712e+02
1.762655e+02,1.986173e+02,7.639621e+01,1.289589e+02
1.911854e+02,2.077052e+02,7.288251e+01,1.228918e+02
2.017670e+02,2.128823e+02,6.969373e+01,1.176443e+02
2.167727e+02,2.166637e+02,6.970988e+01,1.176549e+02
2.245593e+02,2.198491e+02,7.337133e+01,1.238292e+02
2.337093e+02,2.135534e+02,7.550465e+01,1.274459e+02
2.497956e+02,2.179877e+02,6.932764e+01,1.170103e+02
2.646743e+02,2.212329e+02,6.593849e+01,1.113020e+02
2.747795e+02,2.184728e+02,6.801037e+01,1.147234e+02
2.863902e+02,2.194636e+02,6.674787e+01,1.126773e+02
2.972461e+02,2.142164e+02,7.092276e+01,1.197237e+02
3.093775e+02,2.169686e+02,6.889216e+01,1.162637e+02
3.150307e+02,2.127947e+02,7.143304e+01,1.205740e+02
3.239131e+02,2.081064e+02,7.513398e+01,1.268439e+02
3.330805e+02,2.062325e+02,7.208617e+01,1.216672e+02
3.374774e+02,2.045553e+02,7.164378e+01,1.209253e+02
3.426383e+02,1.991251e+02,7.469101e+01,1.259710e+02
3.478544e+02,1.978312e+02,7.293291e+01,1.230980e+02
3.516241e+02,1.935342e+02,7.123245e+01,1.202089e+02
3.472435e+02,1.890828e+02,7.478976e+01,1.262378e+02
3.484003e+02,1.876328e+02,7.032100e+01,1.186885e+02
3.442225e+02,1.865769e+02,7.121979e+01,1.201739e+02
3.395607e+02,1.841008e+02,7.224012e+01,1.219333e+02
3.345727e+02,1.831929e+02,7.025293e+01,1.185606e+02
3.302467e+02,1.822762e+02,6.745466e+01,1.138597e+02
3.239523e+02,1.824291e+02,6.768833e+01,1.142636e+02
3.170910e+02,1.808326e+02,6.706541e+01,1.132084e+02
3.097820e+02,1.787392e+02,6.719883e+01,1.134470e+02
3.006652e+02,1.779384e+02,6.648230e+01,1.121823e+02
2.950448e+02,1.756953e+02,6.454059e+01,1.089222e+02
2.881505e+02,1.728619e+02,6.338303e+01,1.069598e+02
2.829704e+02,1.695815e+02,6.271090e+01,1.058412e+02
2.738887e+02,1.613328e+02,6.502286e+01,1.097389e+02
2.690803e+02,1.569879e+02,6.474086e+01,1.092921e+02
2.653574e+02,1.517005e+02,6.348457e+01,1.071591e+02
2.574034e+02,1.446877e+02,6.566793e+01,1.108063e+02
2.547241e+02,1.425091e+02,6.265196e+01,1.057342e+02
2.476638e+02,1.381930e+02,6.118756e+01,1.032432e+02
2.423381e+02,1.317704e+02,6.455586e+01,1.089698e+02
2.369432e+02,1.261902e+02,6.232629e+01,1.051865e+02
2.318665e+02,1.231127e+02,6.160362e+01,1.039859e+02
2.240784e+02,1.198777e+02,6.180562e+01,1.042941e+02
2.177536e+02,1.139668e+02,6.227772e+01,1.051134e+02
2.076071e+02,1.059052e+02,6.393385e+01,1.079229e+02
1.997024e+02,1.024059e+02,6.269403e+01,1.058230e+02
1.923977e+02,1.022337e+02,6.485661e+01,1.094613e+02
1.835169e+02,9.805544e+01,6.116799e+01,1.032464e+02
1.737919e+02,9.742319e+01,6.202377e+01,1.046729e+02
1.591027e+02,8.764121e+01,6.758434e+01,1.140329e+02
1.547260e+02,8.828449e+01,6.314094e+01,1.065737e+02
1.437007e+02,8.994543e+01,6.160384e+01,1.039752e+02
1.307274e+02,8.748520e+01,6.564663e+01,1.107488e+02
1.206240e+02,9.496449e+01,6.393911e+01,1.079203e+02
1.120868e+02,1.024352e+02,6.234954e+01,1.052437e+02
1.030222e+02,1.109404e+02,5.937550e+01,1.002101e+02
8.603954e+01,1.091423e+02,6.781448e+01,1.144327e+02
7.539169e+01,1.137064e+02,6.594012e+01,1.112538e+02
6.447416e+01,1.193497e+02,6.432678e+01,1.085676e+02
5.347385e+01,1.210824e+02,6.571064e+01,1.109011e+02
4.470057e+01,1.240271e+02,6.494083e+01,1.095981e+02
4.047832e+01,1.303325e+02,6.224629e+01,1.050812e+02
3.161967e+01,1.326882e+02,6.152347e+01,1.038681e+02
1.599468e+01,1.326422e+02,6.687275e+01,1.128148e+02
1.294576e+01,1.384137e+02,6.479569e+01,1.093447e+02
1.151941e+01,1.446542e+02,6.283450e+01,1.060195e+02
1.056417e+01,1.517233e+02,6.161769e+01,1.040135e+02
5.380482e-01,1.560958e+02,6.335664e+01,1.069139e+02
1.583854e+00,1.630900e+02,6.268245e+01,1.057894e+02
8.070052e+00,1.753975e+02,5.843024e+01,9.863282e+01
1.958711e+00,1.781958e+02,6.220602e+01,1.049604e+02
7.788800e+00,1.882994e+02,6.172625e+01,1.041928e+02
7.493340e+00,1.951474e+02,6.035542e+01,1.018411e+02
1.813666e+01,2.030652e+02,5.767846e+01,9.736431e+01
2.322623e+01,2.088007e+02,5.647122e+01,9.531571e+01
2.053350e+01,2.122989e+02,6.133119e+01,1.035497e+02
2.454524e+01,2.165876e+02,5.877603e+01,9.918421e+01
2.874666e+01,2.197886e+02,6.117057e+01,1.031371e+02
3.571995e+01,2.228115e+02,5.683129e+01,9.592968e+01
3.897061e+01,2.244428e+02,5.821525e+01,9.826828e+01
4.241991e+01,2.245998e+02,5.767570e+01,9.735480e+01
4.698885e+01,2.263495e+02,5.621289e+01,9.489196e+01
5.119941e+01,2.275693e+02,5.603302e+01,9.459607e+01
5.121924e+01,2.280362e+02,5.499376e+01,9.283401e+01
5.314302e+01,2.265545e+02,5.631220e+01,9.504505e+01
5.382936e+01,2.268001e+02,5.626421e+01,9.497516e+01
5.672696e+01,2.265237e+02,5.501736e+01,9.286530e+01
5.421503e+01,2.280016e+02,5.533071e+01,9.338553e+01
5.488046e+01,2.292483e+02,5.545654e+01,9.360412e+01
5.447158e+01,2.300198e+02,5.572434e+01,9.406172e+01
5.459007e+01,2.324549e+02,5.532560e+01,9.341108e+01
5.356765e+01,2.332132e+02,5.617591e+01,9.482678e+01
5.616099e+01,2.371723e+02,5.524718e+01,9.327737e+01
4.981297e+01,2.374284e+02,5.640409e+01,9.520250e+01
5.289072e+01,2.406328e+02,5.503909e+01,9.290409e+01
4.748222e+01,2.410043e+02,5.576048e+01,9.411384e+01
4.537280e+01,2.432166e+02,5.652575e+01,9.542888e+01
4.541972e+01,2.417106e+02,5.622406e+01,9.490580e+01
4.516315e+01,2.452912e+02,5.423730e+01,9.153817e+01
4.095989e+01,2.413299e+02,5.773615e+01,9.746097e+01
4.060744e+01,2.386963e+02,5.889400e+01,9.942346e+01
3.690481e+01,2.384012e+02,5.784127e+01,9.764474e+01
3.632951e+01,2.363334e+02,5.717125e+01,9.650005e+01
3.319742e+01,2.355499e+02,5.796893e+01,9.787166e+01
3.220314e+01,2.389329e+02,5.538779e+01,9.349532e+01
3.029097e+01,2.362826e+02,5.716926e+01,9.651410e+01
2.871633e+01,2.359813e+02,5.769168e+01,9.738579e+01
2.684789e+01,2.364159e+02,5.771631e+01,9.743198e+01
2.545766e+01,2.374272e+02,5.511854e+01,9.302906e+01
2.276936e+01,2.346866e+02,5.939664e+01,1.002412e+02
2.316157e+01,2.356359e+02,5.692033e+01,9.607651e+01
2.117818e+01,2.355492e+02,5.619596e+01,9.484221e+01
1.886765e+01,2.349466e+02,5.597993e+01,9.447366e+01
1.824542e+01,2.350584e+02,5.500818e+01,9.283301e+01
1.882754e+01,2.366141e+02,5.359634e+01,9.046891e+01
1.542876e+01,2.345495e+02,5.561913e+01,9.387486e+01
1.215004e+01,2.339120e+02,5.715207e+01,9.647329e+01
9.748754e+00,2.340275e+02,5.796450e+01,9.786235e+01
8.578823e+00,2.352524e+02,5.664082e+01,9.559167e+01
6.638665e+00,2.354389e+02,5.714285e+01,9.646583e+01
7.461403e+00,2.365452e+02,5.733960e+01,9.678610e+01
5.657104e+00,2.370612e+02,5.844604e+01,9.864329e+01
5.698868e+00,2.411334e+02,5.879924e+01,9.924073e+01
4.033868e+00,2.427801e+02,5.841886e+01,9.859646e+01
4.000569e+00,2.408412e+02,5.913135e+01,9.982671e+01
5.953012e+00,2.431375e+02,5.902917e+01,9.963260e+01
4.070702e+00,2.471968e+02,5.805199e+01,9.798730e+01
4.893958e+00,2.494246e+02,5.839445e+01,9.855336e+01
3.725200e+00,2.508527e+02,6.089989e+01,1.028295e+02
8.230350e+00,2.542950e+02,5.995348e+01,1.011959e+02
6.009171e+00,2.538043e+02,5.899804e+01,9.958979e+01
1.056512e+01,2.526169e+02,6.318168e+01,1.066831e+02
9.219568e+00,2.526132e+02,6.202503e+01,1.046938e+02
1.010160e+01,2.566992e+02,6.279472e+01,1.060303e+02
1.290568e+01,2.601314e+02,6.132587e+01,1.035263e+02
1.928509e+01,2.643545e+02,5.691949e+01,9.610885e+01
1.668161e+01,2.639996e+02,6.024139e+01,1.016615e+02
1.887091e+01,2.652198e+02,5.901315e+01,9.961532e+01
1.748698e+01,2.648089e+02,6.130250e+01,1.034824e+02
2.078621e+01,2.674806e+02,5.688231e+01,9.601504e+01
2.058769e+01,2.677163e+02,5.860414e+01,9.894429e+01
1.852034e+01,2.648424e+02,6.368366e+01,1.074866e+02
1.872859e+01,2.678523e+02,6.239341e+01,1.053244e+02
1.859301e+01,2.663338e+02,6.527940e+01,1.102039e+02
2.053921e+01,2.695817e+02,6.279446e+01,1.060025e+02
2.199549e+01,2.750918e+02,6.199140e+01,1.046278e+02
1.931752e+01,2.750474e+02,6.203760e+01,1.046786e+02
2.225751e+01,2.759348e+02,6.155663e+01,1.039169e+02
2.429762e+01,2.773514e+02,6.139978e+01,1.036434e+02
2.445346e+01,2.794893e+02,6.385354e+01,1.077902e+02
2.398694e+01,2.792156e+02,6.256595e+01,1.055810e+02
2.531065e+01,2.786426e+02,6.158198e+01,1.039628e+02
2.384465e+01,2.771064e+02,6.831471e+01,1.152866e+02
2.380166e+01,2.745128e+02,6.851196e+01,1.156145e+02
2.933141e+01,2.800419e+02,6.546782e+01,1.105109e+02
2.895749e+01,2.797680e+02,6.590303e+01,1.112547e+02
3.103890e+01,2.782375e+02,6.629784e+01,1.119026e+02
3.139459e+01,2.788968e+02,6.588860e+01,1.112320e+02
3.474844e+01,2.786991e+02,6.439164e+01,1.087041e+02
3.444821e+01,2.738823e+02,6.942439e+01,1.172132e+02
3.956120e+01,2.778316e+02,6.683361e+01,1.128264e+02
4.236164e+01,2.750098e+02,6.848128e+01,1.155991e+02
4.509370e+01,2.789394e+02,6.391290e+01,1.078757e+02
4.575799e+01,2.743387e+02,6.672042e+01,1.126050e+02
4.970830e+01,2.740276e+02,6.789499e+01,1.146125e+02
5.036005e+01,2.737235e+02,6.627492e+01,1.118875e+02
5.385740e+01,2.719805e+02,6.590620e+01,1.112534e+02
5.502496e+01,2.693289e+02,6.706368e+01,1.132201e+02
5.700523e+01,2.668140e+02,6.803438e+01,1.148592e+02
5.853483e+01,2.603777e+02,7.131519e+01,1.204047e+02
6.316230e+01,2.592187e+02,6.843598e+01,1.155489e+02
6.731340e+01,2.606476e+02,6.707481e+01,1.132081e+02
6.877684e+01,2.571014e+02,6.901614e+01,1.165333e+02
7.027290e+01,2.538522e+02,6.982357e+01,1.178979e+02
7.559241e+01,2.540983e+02,6.813130e+01,1.150358e+02
7.886173e+01,2.509886e+02,7.117168e+01,1.201738e+02
8.363515e+01,2.519523e+02,6.780198e+01,1.144544e+02
8.667854e+01,2.494031e+02,7.096874e+01,1.197989e+02
9.125229e+01,2.479227e+02,6.944615e+01,1.172506e+02
9.426348e+01,2.493718e+02,6.984836e+01,1.179158e+02
1.034876e+02,2.509509e+02,6.784978e+01,1.145531e+02
1.068102e+02,2.455909e+02,6.926261e+01,1.169237e+02
1.120936e+02,2.446569e+02,7.162764e+01,1.209201e+02
1.157105e+02,2.417798e+02,7.695942e+01,1.299266e+02
1.239775e+02,2.450161e+02,6.998036e+01,1.181390e+02
1.310297e+02,2.451142e+02,7.077398e+01,1.194806e+02
1.334055e+02,2.454545e+02,7.330507e+01,1.237715e+02
1.419557e+02,2.432888e+02,7.356343e+01,1.241908e+02
1.506231e+02,2.409584e+02,7.308958e+01,1.233951e+02
1.534968e+02,2.448260e+02,7.132774e+01,1.204265e+02
1.648313e+02,2.409882e+02,7.444726e+01,1.256587e+02
1.664051e+02,2.428169e+02,7.307207e+01,1.233794e+02
1.723588e+02,2.393430e+02,7.379524e+01,1.245958e+02
1.823171e+02,2.396873e+02,6.937975e+01,1.171134e+02
1.906100e+02,2.341661e+02,6.686077e+01,1.127443e+02
1.802924e+02,2.250006e+02,7.435483e+01,1.255474e+02
1.930600e+02,2.253410e+02,7.475844e+01,1.262204e+02
1.968174e+02,2.228299e+02,7.085396e+01,1.196152e+02
2.051465e+02,2.189050e+02,7.282265e+01,1.229197e+02
2.044304e+02,2.146850e+02,7.400488e+01,1.249511e+02
2.146037e+02,2.183322e+02,6.696466e+01,1.129198e+02
2.178330e+02,2.110071e+02,7.269324e+01,1.227044e+02
2.202519e+02,2.071135e+02,7.542765e+01,1.273590e+02
2.301504e+02,2.101865e+02,7.160168e+01,1.208526e+02
2.317184e+02,2.063297e+02,7.110745e+01,1.200512e+02
2.386108e+02,2.044762e+02,7.197272e+01,1.215151e+02
2.409474e+02,2.055477e+02,7.276317e+01,1.228528e+02
2.470336e+02,2.029116e+02,7.090241e+01,1.197028e+02
2.508215e+02,2.028289e+02,7.118929e+01,1.201557e+02
2.536301e+02,2.037128e+02,6.936017e+01,1.171038e+02
2.580997e+02,2.029755e+02,6.821937e+01,1.151506e+02
2.556798e+02,2.043306e+02,6.787506e+01,1.145837e+02
2.583590e+02,2.021308e+02,6.946646e+01,1.172464e+02
2.603378e+02,2.002746e+02,6.976374e+01,1.177475e+02
2.598014e+02,2.001962e+02,6.908228e+01,1.165735e+02
2.600823e+02,1.963713e+02,6.966206e+01,1.176107e+02
2.608418e+02,1.999128e+02,6.696515e+01,1.130432e+02
2.658952e+02,1.988423e+02,6.483321e+01,1.094515e+02
2.623409e+02,1.983553e+02,6.344245e+01,1.070647e+02
2.608532e+02,1.959988e+02,6.473238e+01,1.092923e+02
2.565013e+02,1.938653e+02,6.665520e+01,1.124870e+02
2.561464e+02,1.883453e+02,6.722334e+01,1.134647e+02
2.538448e+02,1.878455e+02,6.702195e+01,1.131194e+02
2.518294e+02,1.872539e+02,6.549163e+01,1.105423e+02
2.490417e+02,1.795964e+02,6.791060e+01,1.146502e+02
2.487529e+02,1.796552e+02,7.036452e+01,1.187881e+02
2.521495e+02,1.853275e+02,5.952942e+01,1.004506e+02
2.686212e+02,1.836884e+02,6.145818e+01,1.037460e+02
2.665620e+02,1.783417e+02,6.138231e+01,1.036081e+02
2.695064e+02,1.754721e+02,6.215417e+01,1.048937e+02
2.668777e+02,1.742454e+02,6.556742e+01,1.107102e+02
2.682967e+02,1.702682e+02,6.078134e+01,1.026193e+02
2.373076e+02,1.622945e+02,6.730987e+01,1.135798e+02
2.370136e+02,1.610825e+02,6.490570e+01,1.095354e+02
2.271873e+02,1.543656e+02,7.189545e+01,1.213777e+02
2.383391e+02,1.599613e+02,6.178898e+01,1.042885e+02
2.400966e+02,1.532349e+02,6.248717e+01,1.054872e+02
2.373323e+02,1.525960e+02,6.230423e+01,1.051534e+02
2.466124e+02,1.515578e+02,6.069153e+01,1.024347e+02
2.486084e+02,1.540076e+02,5.954374e+01,1.005287e+02
2.467961e+02,1.479478e+02,6.264622e+01,1.057168e+02
2.500978e+02,1.477107e+02,6.592229e+01,1.112933e+02
2.543253e+02,1.523575e+02,5.713456e+01,9.644219e+01
2.444560e+02,1.463744e+02,6.945721e+01,1.172625e+02
2.515753e+02,1.486255e+02,6.705813e+01,1.131377e+02
2.560735e+02,1.511968e+02,6.219896e+01,1.049996e+02
2.575595e+02,1.519648e+02,6.336687e+01,1.069059e+02
2.592956e+02,1.459780e+02,6.719159e+01,1.134521e+02
2.704887e+02,1.517398e+02,5.483671e+01,9.254122e+01
2.720671e+02,1.520365e+02,5.452646e+01,9.200461e+01
2.759662e+02,1.453616e+02,5.305206e+01,8.953597e+01
2.682224e+02,1.446976e+02,5.829549e+01,9.835680e+01
2.651659e+02,1.446414e+02,6.196204e+01,1.045308e+02
2.645151e+02,1.381375e+02,6.938130e+01,1.170879e+02
2.685102e+02,1.328859e+02,6.756178e+01,1.140693e+02
2.672064e+02,1.340856e+02,6.569491e+01,1.109272e+02
2.668395e+02,1.353940e+02,6.345655e+01,1.071464e+02
2.664327e+02,1.348090e+02,6.408288e+01,1.081765e+02
2.665411e+02,1.309909e+02,6.320785e+01,1.066836e+02
2.635038e+02,1.227159e+02,7.056699e+01,1.190599e+02
2.624529e+02,1.265505e+02,7.048633e+01,1.189228e+02
2.648984e+02,1.226964e+02,6.841239e+01,1.155116e+02
2.627630e+02,1.210741e+02,7.062828e+01,1.192037e+02
2.659674e+02,1.257401e+02,6.510186e+01,1.099122e+02
2.648257e+02,1.235592e+02,6.802530e+01,1.148390e+02
2.623715e+02,1.227705e+02,7.183694e+01,1.212252e+02
2.603066e+02,1.192298e+02,7.411992e+01,1.251364e+02
2.605988e+02,1.225455e+02,7.040470e+01,1.188362e+02
2.649073e+02,1.265061e+02,6.731794e+01,1.135293e+02
2.634498e+02,1.234539e+02,6.824094e+01,1.152089e+02
2.643421e+02,1.243171e+02,6.711050e+01,1.133067e+02
2.633782e+02,1.193707e+02,7.094538e+01,1.197531e+02
2.632756e+02,1.217056e+02,6.890540e+01,1.163231e+02
2.634641e+02,1.212113e+02,6.895586e+01,1.164212e+02
2.640622e+02,1.185354e+02,6.792399e+01,1.146661e+02
2.618942e+02,1.180126e+02,7.161926e+01,1.208822e+02
2.625761e+02,1.216297e+02,6.812006e+01,1.150159e+02
2.628547e+02,1.195062e+02,6.847282e+01,1.155838e+02
2.636221e+02,1.233307e+02,6.996809e+01,1.181244e+02
2.632003e+02,1.128223e+02,6.995852e+01,1.181225e+02
2.639995e+02,1.206037e+02,6.672984e+01,1.126375e+02
2.628634e+02,1.218141e+02,6.907330e+01,1.166020e+02
2.636010e+02,1.232507e+02,6.582187e+01,1.111335e+02
2.603935e+02,1.271066e+02,6.684061e+01,1.128195e+02
2.622078e+02,1.233235e+02,6.832769e+01,1.153685e+02
2.634367e+02,1.277062e+02,6.343663e+01,1.071143e+02
2.635036e+02,1.240641e+02,6.855957e+01,1.157504e+02
2.625215e+02,1.247968e+02,6.498821e+01,1.097014e+02
2.639507e+02,1.256957e+02,6.398201e+01,1.079647e+02
2.647624e+02,1.230209e+02,6.514165e+01,1.099083e+02
2.624787e+02,1.250512e+02,6.907625e+01,1.165771e+02
2.631030e+02,1.301241e+02,6.270393e+01,1.057749e+02
2.605928e+02,1.295732e+02,6.895046e+01,1.163601e+02
2.666756e+02,1.355492e+02,6.271551e+01,1.058563e+02
2.992906e+02,1.358240e+02,6.992084e+01,1.180517e+02
3.027057e+02,1.413885e+02,7.217969e+01,1.218479e+02
3.051947e+02,1.458515e+02,7.358118e+01,1.242128e+02
3.115148e+02,1.537250e+02,7.199774e+01,1.215491e+02
3.096581e+02,1.578646e+02,7.410652e+01,1.251111e+02
3.128254e+02,1.609038e+02,7.283302e+01,1.229602e+02
3.193775e+02,1.649388e+02,7.302964e+01,1.232944e+02
3.241223e+02,1.697050e+02,7.337728e+01,1.238908e+02
3.270089e+02,1.697117e+02,7.404168e+01,1.249989e+02
3.342317e+02,1.739756e+02,7.301206e+01,1.232500e+02
3.420520e+02,1.757403e+02,7.226188e+01,1.219932e+02
3.491190e+02,1.783616e+02,7.134366e+01,1.204373e+02
3.579795e+02,1.779563e+02,7.167353e+01,1.209986e+02
3.675560e+02,1.809719e+02,7.171606e+01,1.210707e+02
3.763486e+02,1.794098e+02,7.144508e+01,1.206171e+02
3.793702e+02,1.771409e+02,7.457543e+01,1.259111e+02
3.990796e+02,1.775799e+02,7.128830e+01,1.203568e+02
4.096842e+02,1.771826e+02,7.047357e+01,1.189796e+02
4.224411e+02,1.759465e+02,7.225353e+01,1.219731e+02
4.316406e+02,1.743735e+02,7.304006e+01,1.233052e+02
4.411408e+02,1.739777e+02,7.301294e+01,1.232558e+02
4.563898e+02,1.733693e+02,6.844044e+01,1.155567e+02
4.616300e+02,1.689587e+02,7.631409e+01,1.288498e+02
4.693096e+02,1.639235e+02,7.841955e+01,1.324132e+02
4.755201e+02,1.604093e+02,7.874079e+01,1.329385e+02
4.843085e+02,1.575659e+02,8.003497e+01,1.351244e+02
4.933192e+02,1.570973e+02,7.879411e+01,1.330458e+02
5.004652e+02,1.643873e+02,7.255708e+01,1.225003e+02
4.999271e+02,1.601278e+02,7.569931e+01,1.278120e+02
5.253731e+02,1.550791e+02,6.757600e+01,1.140795e+02
5.026593e+02,1.572750e+02,7.516890e+01,1.269123e+02
5.404577e+02,1.518137e+02,6.545447e+01,1.104811e+02
4.951524e+02,1.492384e+02,6.797957e+01,1.147823e+02
4.835921e+02,1.518742e+02,6.802629e+01,1.148617e+02
4.785780e+02,1.446032e+02,7.008288e+01,1.183152e+02
4.682821e+02,1.399444e+02,7.115898e+01,1.201430e+02
4.579754e+02,1.383938e+02,7.217098e+01,1.218621e+02
4.440048e+02,1.349383e+02,7.577430e+01,1.279372e+02
4.315829e+02,1.320735e+02,7.476046e+01,1.262255e+02
4.198735e+02,1.318017e+02,7.247661e+01,1.223730e+02
4.120099e+02,1.292506e+02,6.849699e+01,1.156353e+02
3.991298e+02,1.278774e+02,6.570470e+01,1.109279e+02
3.942394e+02,1.286165e+02,6.710224e+01,1.132621e+02
3.922922e+02,1.241735e+02,6.097781e+01,1.029558e+02
3.799729e+02,1.172016e+02,6.568015e+01,1.108752e+02
3.771583e+02,1.207014e+02,6.797587e+01,1.147215e+02
3.672709e+02,1.170062e+02,7.308768e+01,1.234041e+02
3.646077e+02,1.162380e+02,7.020868e+01,1.184583e+02
3.635078e+02,1.138494e+02,7.059581e+01,1.191273e+02
3.593670e+02,1.115136e+02,7.378697e+01,1.245850e+02
3.579020e+02,1.070874e+02,7.243272e+01,1.222650e+02
3.561493e+02,1.084339e+02,7.457776e+01,1.258913e+02
3.635058e+02,1.070836e+02,7.142185e+01,1.205813e+02
3.558090e+02,1.023531e+02,8.014837e+01,1.353281e+02
3.593948e+02,1.040714e+02,8.083289e+01,1.364699e+02
3.612763e+02,1.047785e+02,7.472665e+01,1.261500e+02
3.590582e+02,1.045842e+02,7.508661e+01,1.267030e+02
3.607898e+02,1.080059e+02,7.762828e+01,1.310079e+02
3.566364e+02,1.072266e+02,7.507302e+01,1.267312e+02
3.669592e+02,1.151627e+02,6.858190e+01,1.158007e+02
3.616362e+02,1.172576e+02,7.748306e+01,1.307754e+02
3.550055e+02,1.190366e+02,7.710550e+01,1.301455e+02
3.560746e+02,1.281388e+02,7.215007e+01,1.217902e+02
3.463564e+02,1.278050e+02,8.107973e+01,1.369050e+02
3.393688e+02,1.419549e+02,7.394724e+01,1.248608e+02
3.415827e+02,1.540525e+02,7.253213e+01,1.224294e+02
3.305981e+02,1.614430e+02,7.707665e+01,1.300669e+02
3.225947e+02,1.645500e+02,7.701705e+01,1.299648e+02
2.946731e+02,1.680358e+02,7.916401e+01,1.336699e+02
2.872387e+02,1.792354e+02,7.195777e+01,1.214767e+02
2.749649e+02,1.753837e+02,7.277396e+01,1.228576e+02
2.645820e+02,1.728152e+02,7.336757e+01,1.238586e+02
2.575310e+02,1.669793e+02,7.573914e+01,1.278851e+02
2.455738e+02,1.543309e+02,8.220117e+01,1.387938e+02
2.454448e+02,1.482332e+02,7.832000e+01,1.322414e+02
2.406440e+02,1.441285e+02,7.727657e+01,1.304743e+02
2.368772e+02,1.365308e+02,8.229047e+01,1.389492e+02
2.363353e+02,1.273215e+02,7.588977e+01,1.281400e+02
2.373588e+02,1.202289e+02,7.688773e+01,1.298143e+02
2.340646e+02,1.129475e+02,7.331830e+01,1.237479e+02
2.323132e+02,1.060239e+02,7.596322e+01,1.282257e+02
2.278031e+02,9.354490e+01,7.618268e+01,1.286361e+02
2.501664e+02,9.426531e+01,7.630463e+01,1.288329e+02
2.309118e+02,7.869053e+01,7.058882e+01,1.191784e+02
2.240273e+02,7.091401e+01,7.107285e+01,1.199805e+02
2.242453e+02,6.499426e+01,6.677558e+01,1.127169e+02
2.179538e+02,5.788428e+01,7.048012e+01,1.189914e+02
2.164545e+02,5.788152e+01,7.104207e+01,1.199292e+02
2.475322e+02,5.585315e+01,7.706457e+01,1.301079e+02
2.134874e+02,5.119643e+01,7.151732e+01,1.207335e+02
2.087967e+02,5.494093e+01,7.336966e+01,1.238654e+02
2.049205e+02,5.645324e+01,6.994055e+01,1.180942e+02
1.849972e+02,5.598052e+01,7.628412e+01,1.288075e+02
2.100961e+02,6.760969e+01,7.385522e+01,1.246668e+02
2.098366e+02,6.628154e+01,7.473811e+01,1.261953e+02
2.268346e+02,8.916776e+01,7.885008e+01,1.331399e+02
1.927030e+02,7.117151e+01,7.256736e+01,1.224809e+02
1.890151e+02,6.861956e+01,7.366153e+01,1.243672e+02
2.178097e+02,8.694016e+01,6.759022e+01,1.141221e+02
2.199142e+02,6.966680e+01,6.448620e+01,1.088739e+02
2.133880e+02,3.165898e+01,6.838964e+01,1.154720e+02
1.880944e+02,7.524325e+01,7.730647e+01,1.304931e+02
1.921377e+02,7.529897e+01,6.530168e+01,1.102541e+02
1.838803e+02,6.936227e+01,6.743627e+01,1.138568e+02
1.608493e+02,5.828865e+01,7.283038e+01,1.229740e+02
1.594411e+02,6.030547e+01,7.282322e+01,1.229628e+02
1.551822e+02,5.836500e+01,7.115013e+01,1.201213e+02
1.493461e+02,5.590847e+01,6.920464e+01,1.168345e+02
1.450580e+02,5.459104e+01,7.348847e+01,1.240666e+02
1.347034e+02,6.737066e+01,6.846700e+01,1.156031e+02
1.674739e+02,1.642227e+00,8.100162e+01,1.367722e+02
1.573248e+02,-9.534032e+00,8.190069e+01,1.382903e+02
1.540335e+02,-7.826917e+00,8.065134e+01,1.361811e+02
1.190042e+02,-8.216991e+00,8.297254e+01,1.400991e+02
1.253840e+02,-9.280908e+00,8.257923e+01,1.394346e+02
1.283733e+02,-7.472024e+00,8.080367e+01,1.364368e+02
1.218990e+02,-8.994966e+00,8.334826e+01,1.407318e+02
1.201016e+02,-8.258642e+00,8.394453e+01,1.417333e+02
1.275764e+02,-8.964913e+00,8.191002e+01,1.383058e+02
1.289082e+02,-7.638359e+00,8.224537e+01,1.388731e+02
1.227463e+02,-9.769153e+00,8.402729e+01,1.418776e+02
1.292094e+02,-9.053356e+00,8.169690e+01,1.379436e+02
1.238239e+02,-7.663537e+00,8.302347e+01,1.401830e+02
1.312671e+02,-1.002287e+01,8.537825e+01,1.441608e+02
1.275511e+02,-9.418402e+00,8.413380e+01,1.420620e+02
1.337855e+02,-1.031332e+01,8.480721e+01,1.431991e+02
1.511352e+02,-6.804508e+00,8.279666e+01,1.397952e+02
1.226438e+02,-1.034122e+01,8.488665e+01,1.433315e+02
1.266644e+02,-8.175714e+00,8.216207e+01,1.387320e+02
1.282012e+02,-9.384054e+00,8.386514e+01,1.415992e+02
1.272243e+02,-8.803075e+00,8.280303e+01,1.398132e+02
1.237611e+02,-9.847112e+00,8.571693e+01,1.447196e+02
1.244858e+02,-1.044044e+01,8.597849e+01,1.451641e+02
1.195723e+02,-8.763606e+00,8.112107e+01,1.369712e+02
1.228881e+02,-8.254807e+00,8.274470e+01,1.396915e+02
1.230387e+02,-7.623059e+00,8.255854e+01,1.393942e+02
1.192136e+02,-1.065809e+01,8.723888e+01,1.473045e+02
1.227004e+02,7.232227e-01,8.047650e+01,1.358837e+02
1.192999e+02,-9.857386e+00,8.432370e+01,1.423547e+02
1.167604e+02,-8.277404e+00,8.173619e+01,1.380135e+02
1.116963e+02,-8.726958e+00,8.311303e+01,1.403259e+02
1.118888e+02,-9.732655e+00,8.430768e+01,1.423556e+02
1.053144e+02,-9.157720e+00,8.369225e+01,1.413164e+02
1.105691e+02,-1.218027e+01,9.160195e+01,1.546529e+02
1.120691e+02,-3.163802e+00,8.944772e+01,1.510329e+02
1.364220e+02,-9.127611e+00,8.419785e+01,1.421699e+02
1.355615e+02,-8.744616e+00,8.486561e+01,1.432973e+02
8.276099e+01,-6.599617e+00,9.316982e+01,1.573160e+02
1.012047e+02,-1.027771e+01,9.112208e+01,1.538411e+02
1.310700e+02,-8.084139e+00,8.263157e+01,1.395222e+02
1.281429e+02,-1.081348e+01,8.712222e+01,1.471079e+02
1.316514e+02,-1.027528e+01,8.643603e+01,1.459435e+02
1.314395e+02,-8.297019e+00,8.439769e+01,1.425075e+02
1.290780e+02,-9.869548e+00,8.679165e+01,1.465442e+02
1.306026e+02,-9.014059e+00,8.454129e+01,1.427499e+02
1.283641e+02,-8.289982e+00,8.503045e+01,1.435760e+02
1.343478e+02,-7.621743e+00,8.208860e+01,1.386070e+02
1.322086e+02,-8.676349e+00,8.297817e+01,1.401072e+02
1.338509e+02,-9.663236e+00,8.349488e+01,1.409827e+02
1.298507e+02,-1.076365e+01,8.527653e+01,1.439860e+02
1.303952e+02,-8.196238e+00,8.257748e+01,1.394301e+02
1.312406e+02,-1.078986e+01,8.569129e+01,1.446919e+02
1.319361e+02,-6.902850e+00,8.370736e+01,1.413419e+02
1.339053e+02,-7.962139e+00,8.360598e+01,1.411703e+02
1.358218e+02,-7.232251e+00,8.177460e+01,1.380752e+02
1.366303e+02,-9.247710e+00,8.199274e+01,1.384422e+02
1.297473e+02,-8.915023e+00,8.431817e+01,1.423720e+02
1.362875e+02,-9.126526e+00,8.409425e+01,1.419926e+02
1.390093e+02,-8.780095e+00,8.570394e+01,1.447131e+02
1.430550e+02,-1.040080e+01,8.532754e+01,1.440768e+02
1.415827e+02,-1.325809e+01,8.574884e+01,1.447852e+02
1.449571e+02,-1.142620e+01,8.558982e+01,1.445067e+02
1.486295e+02,-8.048883e+00,8.018576e+01,1.353789e+02
1.526862e+02,-8.226771e+00,8.004674e+01,1.351384e+02
1.522679e+02,-1.046595e+01,8.343199e+01,1.408462e+02
1.549892e+02,-7.340242e+00,8.002947e+01,1.351270e+02
1.599528e+02,-9.033102e+00,7.941132e+01,1.340667e+02
1.536395e+02,-8.742509e+00,8.709330e+01,1.470584e+02
1.545162e+02,-7.574912e+00,8.605269e+01,1.452921e+02
1.524565e+02,-8.176784e+00,8.576540e+01,1.448165e+02
1.498211e+02,-8.050052e+00,8.567666e+01,1.446638e+02
1.519336e+02,-1.025436e+01,8.967025e+01,1.514103e+02
1.542641e+02,-7.116367e+00,8.476816e+01,1.431177e+02
1.520071e+02,-8.383030e+00,8.589336e+01,1.450312e+02
1.484140e+02,-8.411511e+00,8.652083e+01,1.460881e+02
1.499464e+02,-9.922836e+00,8.908655e+01,1.504248e+02
1.439606e+02,-8.606461e+00,8.664434e+01,1.462995e+02
1.528427e+02,-8.759067e+00,8.701378e+01,1.468924e+02
1.546747e+02,-1.133929e+01,9.076828e+01,1.532645e+02
1.521455e+02,-6.332367e+00,8.749236e+01,1.477111e+02
1.545366e+02,-1.350147e+01,8.709023e+01,1.470503e+02
1.621357e+02,-7.609791e+00,8.869208e+01,1.497582e+02
1.599186e+02,-8.527563e+00,8.950794e+01,1.511349e+02
1.683548e+02,-3.708893e+01,8.733202e+01,1.474590e+02
1.532512e+02,-8.184603e+00,8.479676e+01,1.431689e+02
1.738131e+02,-3.882205e+01,8.651937e+01,1.460882e+02
1.694408e+02,-3.194457e+01,8.710333e+01,1.470737e+02
1.784153e+02,-3.086441e+01,8.252342e+01,1.393394e+02
1.781072e+02,-3.770043e+01,8.708292e+01,1.470412e+02
1.793538e+02,-3.083951e+01,8.001977e+01,1.351026e+02
1.859350e+02,-3.144799e+01,8.044646e+01,1.358186e+02
1.833580e+02,-2.997185e+01,8.383586e+01,1.415465e+02
1.809559e+02,-3.520105e+01,8.613109e+01,1.454330e+02
1.883896e+02,-3.067826e+01,7.725357e+01,1.304354e+02
1.882035e+02,-3.455660e+01,8.514084e+01,1.437578e+02
1.894722e+02,-2.979207e+01,8.402939e+01,1.418779e+02
1.976696e+02,-3.410978e+01,8.346285e+01,1.409274e+02
1.906003e+02,-2.948404e+01,8.262085e+01,1.395073e+02
1.942562e+02,-3.079157e+01,8.224731e+01,1.388766e+02
1.904693e+02,-3.066453e+01,8.542922e+01,1.442485e+02
1.960186e+02,-3.084148e+01,8.422846e+01,1.422160e+02
1.966051e+02,-3.156151e+01,8.365420e+01,1.412509e+02
1.947964e+02,-3.109447e+01,8.363965e+01,1.412232e+02
1.966951e+02,-3.076254e+01,8.406420e+01,1.419100e+02
1.956006e+02,-3.023899e+01,8.197485e+01,1.384145e+02
1.955502e+02,-3.130656e+01,8.500640e+01,1.435289e+02
1.964060e+02,-3.043774e+01,8.243393e+01,1.391840e+02
1.973490e+02,-3.080791e+01,8.584603e+01,1.449519e+02
1.967305e+02,-3.248070e+01,8.678195e+01,1.465265e+02
1.979681e+02,-3.180265e+01,8.443196e+01,1.425646e+02
1.952792e+02,-3.353150e+01,9.032268e+01,1.525017e+02
2.001270e+02,-2.983348e+01,8.302476e+01,1.401627e+02
1.983230e+02,-3.126788e+01,8.501059e+01,1.435347e+02
1.970357e+02,-3.291878e+01,8.547955e+01,1.443185e+02
1.962880e+02,-3.106104e+01,8.309097e+01,1.402978e+02
1.961599e+02,-3.336579e+01,8.659178e+01,1.462097e+02
1.966488e+02,-3.280961e+01,8.545479e+01,1.442793e+02
1.972235e+02,-3.191759e+01,8.410177e+01,1.419964e+02
1.988162e+02,-3.152987e+01,8.515698e+01,1.437776e+02
1.968763e+02,-3.080444e+01,8.541880e+01,1.442307e+02
1.962184e+02,-3.090230e+01,8.433584e+01,1.423953e+02
1.968561e+02,-3.134747e+01,8.435944e+01,1.424427e+02
1.951345e+02,-3.246680e+01,8.606921e+01,1.453189e+02
1.970924e+02,-3.044738e+01,8.488439e+01,1.433175e+02
1.924528e+02,-3.245728e+01,8.740247e+01,1.475691e+02
1.953544e+02,-3.246183e+01,8.529660e+01,1.440254e+02
1.950747e+02,-3.095382e+01,8.506694e+01,1.436363e+02
1.972258e+02,-3.019395e+01,8.450093e+01,1.426817e+02
1.952312e+02,-3.085328e+01,8.492476e+01,1.433832e+02
1.962256e+02,-3.094657e+01,8.520408e+01,1.438573e+02
1.977694e+02,-3.194088e+01,8.568551e+01,1.446762e+02
1.960006e+02,-2.998054e+01,8.452250e+01,1.427145e+02
1.988197e+02,-3.197530e+01,8.615886e+01,1.454782e+02
1.962684e+02,-3.307717e+01,8.654172e+01,1.461278e+02
1.976981e+02,-3.146289e+01,8.503729e+01,1.435704e+02
1.980567e+02,-3.421118e+01,8.656686e+01,1.461511e+02
1.981091e+02,-3.228643e+01,8.576221e+01,1.447884e+02
1.985859e+02,-3.110300e+01,8.363039e+01,1.412033e+02
1.970697e+02,-3.250389e+01,8.421630e+01,1.422000e+02
1.962538e+02,-3.333140e+01,8.723427e+01,1.472948e+02
1.965528e+02,-3.009151e+01,8.324371e+01,1.405456e+02
1.973521e+02,-3.059214e+01,8.337082e+01,1.407647e+02
1.973196e+02,-3.340018e+01,8.644074e+01,1.459499e+02
1.953075e+02,-3.147628e+01,8.456641e+01,1.426954e+02
1.978502e+02,-3.097951e+01,8.174377e+01,1.380123e+02
1.959313e+02,-3.274193e+01,8.553890e+01,1.444274e+02
1.983774e+02,-3.051326e+01,8.255072e+01,1.393812e+02
1.984318e+02,-3.166632e+01,8.291761e+01,1.399985e+02
1.968629e+02,-2.913620e+01,8.263565e+01,1.395131e+02
1.963330e+02,-3.247037e+01,8.456102e+01,1.427052e+02
1.967230e+02,-3.264655e+01,8.503301e+01,1.435718e+02
1.980744e+02,-2.891621e+01,8.221109e+01,1.388136e+02
1.974428e+02,-3.146885e+01,8.208006e+01,1.385911e+02
1.954071e+02,-3.247377e+01,8.355738e+01,1.410420e+02
1.960746e+02,-3.238243e+01,8.452095e+01,1.427114e+02
1.985145e+02,-2.930203e+01,8.142490e+01,1.374876e+02
1.958110e+02,-3.399321e+01,8.663632e+01,1.462851e+02
1.972102e+02,-2.878569e+01,8.160415e+01,1.377869e+02
1.982735e+02,-2.779648e+01,8.011133e+01,1.352642e+02
1.978731e+02,-2.813856e+01,8.063260e+01,1.361450e+02
1.975635e+02,-2.793773e+01,8.063157e+01,1.361048e+02
1.955610e+02,-3.227411e+01,8.412376e+01,1.420135e+02
1.942339e+02,-3.006279e+01,8.064828e+01,1.361649e+02
1.961708e+02,-3.045015e+01,8.260479e+01,1.394768e+02
1.964733e+02,-3.172855e+01,8.276212e+01,1.397415e+02
1.965790e+02,-3.115537e+01,8.580301e+01,1.448795e+02
1.968298e+02,-2.775740e+01,7.904762e+01,1.334669e+02
1.975522e+02,-2.977067e+01,8.163035e+01,1.378318e+02
1.982864e+02,-2.944019e+01,8.097847e+01,1.366769e+02
1.964122e+02,-3.307826e+01,8.606555e+01,1.453009e+02
1.939978e+02,-3.163258e+01,8.417909e+01,1.421358e+02
1.952259e+02,-2.959155e+01,8.123088e+01,1.370979e+02
1.961592e+02,-3.136572e+01,8.541595e+01,1.442091e+02
1.969625e+02,-3.160609e+01,8.544101e+01,1.442455e+02
1.951659e+02,-3.153695e+01,8.468878e+01,1.429837e+02
1.955194e+02,-3.121113e+01,8.305839e+01,1.402458e+02
1.954944e+02,-3.073580e+01,8.316864e+01,1.404323e+02
1.971168e+02,-3.025543e+01,8.396721e+01,1.417643e+02
1.962292e+02,-3.114619e+01,8.553615e+01,1.444103e+02
1.959272e+02,-2.990885e+01,8.221443e+01,1.387709e+02
1.948824e+02,-3.035160e+01,8.320193e+01,1.404753e+02
1.965066e+02,-3.038564e+01,8.294353e+01,1.400394e+02
1.967612e+02,-2.901109e+01,8.171924e+01,1.379736e+02
1.977672e+02,-2.915317e+01,8.184394e+01,1.381824e+02
1.944274e+02,-3.037693e+01,8.321658e+01,1.405117e+02
1.949069e+02,-3.201004e+01,8.357349e+01,1.411131e+02
1.957359e+02,-3.097540e+01,8.359536e+01,1.411293e+02
1.958333e+02,-3.161483e+01,8.255127e+01,1.393849e+02
1.963939e+02,-2.979070e+01,8.186749e+01,1.382172e+02
1.963646e+02,-3.041857e+01,8.297397e+01,1.401036e+02
1.952616e+02,-3.176103e+01,8.388234e+01,1.416135e+02
1.967988e+02,-3.008565e+01,8.321137e+01,1.404380e+02
1.964053e+02,-3.167432e+01,8.458348e+01,1.428160e+02
1.954480e+02,-3.232196e+01,8.532546e+01,1.440739e+02
1.946431e+02,-3.085771e+01,8.420752e+01,1.421454e+02
1.944244e+02,-3.159159e+01,8.355600e+01,1.410422e+02
1.947003e+02,-3.106533e+01,8.462286e+01,1.428877e+02
1.951124e+02,-3.104001e+01,8.418854e+01,1.421359e+02
1.961944e+02,-3.140730e+01,8.361789e+01,1.411804e+02
1.967256e+02,-3.061269e+01,8.233776e+01,1.390279e+02
1.952447e+02,-2.895848e+01,8.209562e+01,1.386200e+02
1.960930e+02,-2.877233e+01,8.110376e+01,1.369454e+02
1.945261e+02,-3.248956e+01,8.871561e+01,1.497450e+02
1.955068e+02,-2.815257e+01,8.085452e+01,1.364767e+02
1.964001e+02,-3.111874e+01,8.536495e+01,1.441370e+02
1.959297e+02,-2.983310e+01,8.204924e+01,1.385362e+02
1.918406e+02,-3.148916e+01,8.773743e+01,1.481080e+02
1.966866e+02,-2.912636e+01,8.217662e+01,1.387518e+02
1.961276e+02,-3.123777e+01,8.509645e+01,1.436775e+02
1.952439e+02,-2.895653e+01,8.147227e+01,1.375679e+02
1.951352e+02,-2.986081e+01,8.400292e+01,1.418338e+02
1.941527e+02,-3.045099e+01,8.302079e+01,1.401722e+02
1.954456e+02,-3.118694e+01,8.555172e+01,1.443815e+02
1.939998e+02,-2.967730e+01,8.367742e+01,1.412827e+02
