121,58,51,50
1.209128e+02,5.870467e+01,5.101513e+01,5.001484e+01
1.213238e+02,5.887358e+01,5.120175e+01,5.019780e+01
1.212310e+02,5.956144e+01,5.101064e+01,5.001045e+01
1.211089e+02,6.026517e+01,5.174275e+01,5.072819e+01
1.206648e+02,6.213516e+01,5.157543e+01,5.056417e+01
1.211401e+02,6.341395e+01,5.057064e+01,4.957906e+01
1.208607e+02,6.368494e+01,5.144611e+01,5.043738e+01
1.202759e+02,6.409957e+01,5.172882e+01,5.071453e+01
1.199588e+02,6.419726e+01,5.180960e+01,5.079379e+01
1.198444e+02,6.495215e+01,5.166361e+01,5.065061e+01
1.196483e+02,6.515956e+01,5.172701e+01,5.071276e+01
1.199996e+02,6.584768e+01,5.134319e+01,5.033649e+01
1.195713e+02,6.596486e+01,5.157620e+01,5.056492e+01
1.193633e+02,6.583411e+01,5.205597e+01,5.103529e+01
1.195626e+02,6.653918e+01,5.120562e+01,5.020163e+01
1.195696e+02,6.663602e+01,5.133577e+01,5.032919e+01
1.186333e+02,6.699072e+01,5.195267e+01,5.093406e+01
1.188656e+02,6.694068e+01,5.216018e+01,5.113744e+01
1.187540e+02,6.699716e+01,5.208249e+01,5.106127e+01
1.182446e+02,6.791701e+01,5.178480e+01,5.076942e+01
1.182129e+02,6.770052e+01,5.169702e+01,5.068336e+01
1.185550e+02,6.839394e+01,5.090503e+01,4.990690e+01
1.182879e+02,6.901004e+01,5.061098e+01,4.961861e+01
1.173512e+02,6.830298e+01,5.214182e+01,5.111943e+01
1.176071e+02,6.922780e+01,5.107820e+01,5.007667e+01
1.175096e+02,6.952631e+01,5.084860e+01,4.985158e+01
1.175167e+02,6.964398e+01,5.053989e+01,4.954891e+01
1.166981e+02,6.941131e+01,5.160787e+01,5.059596e+01
1.163327e+02,6.898812e+01,5.159454e+01,5.058289e+01
1.159294e+02,6.793554e+01,5.208231e+01,5.106110e+01
1.157397e+02,6.853008e+01,5.042126e+01,4.943261e+01
1.130465e+02,6.743471e+01,5.142442e+01,5.041611e+01
1.108116e+02,6.659317e+01,5.158438e+01,5.057293e+01
1.094586e+02,6.597281e+01,5.077358e+01,4.977802e+01
1.068982e+02,6.461685e+01,5.097618e+01,4.997666e+01
1.059859e+02,6.399350e+01,5.009790e+01,4.911559e+01
1.050951e+02,6.335519e+01,4.934740e+01,4.837981e+01
1.038188e+02,6.323022e+01,4.966513e+01,4.869131e+01
1.032074e+02,6.251886e+01,5.038983e+01,4.940180e+01
1.031243e+02,6.286658e+01,5.011692e+01,4.913424e+01
1.041254e+02,6.176588e+01,5.043365e+01,4.944476e+01
1.045334e+02,6.141488e+01,5.086114e+01,4.986386e+01
1.052976e+02,6.060416e+01,5.092062e+01,4.992217e+01
1.068052e+02,5.917555e+01,5.006466e+01,4.908300e+01
1.078420e+02,5.856340e+01,5.006029e+01,4.907871e+01
1.096174e+02,5.737267e+01,5.009240e+01,4.911020e+01
1.100862e+02,5.856527e+01,5.051850e+01,4.952794e+01
1.106208e+02,5.804481e+01,5.044244e+01,4.945337e+01
1.113381e+02,5.825831e+01,5.119036e+01,5.018666e+01
1.116520e+02,5.934212e+01,5.079368e+01,4.979772e+01
1.124757e+02,6.170188e+01,5.005418e+01,4.907273e+01
1.118537e+02,6.287747e+01,5.091001e+01,4.991180e+01
1.126446e+02,6.542828e+01,5.064703e+01,4.965396e+01
1.127683e+02,6.741867e+01,5.113263e+01,5.013005e+01
1.124334e+02,7.000987e+01,5.148765e+01,5.047811e+01
1.132413e+02,7.229588e+01,5.112519e+01,5.012279e+01
1.128911e+02,7.450273e+01,5.192222e+01,5.090414e+01
1.127791e+02,7.621534e+01,5.168451e+01,5.067111e+01
1.129076e+02,7.910688e+01,5.092738e+01,4.992882e+01
1.118707e+02,8.036444e+01,5.233503e+01,5.130885e+01
1.120852e+02,8.310324e+01,5.136991e+01,5.036274e+01
1.117475e+02,8.492864e+01,5.193603e+01,5.091768e+01
1.118437e+02,8.826290e+01,5.036709e+01,4.937950e+01
1.111122e+02,8.907664e+01,5.207894e+01,5.105779e+01
1.124329e+02,8.970156e+01,5.120716e+01,5.020310e+01
1.137995e+02,9.045695e+01,5.236357e+01,5.133686e+01
1.152169e+02,9.025896e+01,5.187630e+01,5.085912e+01
1.166091e+02,9.143604e+01,5.156433e+01,5.055327e+01
1.180247e+02,9.196743e+01,5.191509e+01,5.089714e+01
1.201272e+02,9.317068e+01,5.120183e+01,5.019789e+01
1.218879e+02,9.339256e+01,5.057000e+01,4.957846e+01
1.232562e+02,9.263472e+01,5.126073e+01,5.025562e+01
1.242253e+02,9.161523e+01,5.227718e+01,5.125214e+01
1.249411e+02,9.031858e+01,5.154342e+01,5.053276e+01
1.246067e+02,8.956957e+01,5.198540e+01,5.096608e+01
1.242615e+02,8.736664e+01,5.141194e+01,5.040390e+01
1.229651e+02,8.366867e+01,5.274733e+01,5.171308e+01
1.220999e+02,8.131742e+01,5.282214e+01,5.178643e+01
1.228368e+02,8.024845e+01,5.087684e+01,4.987928e+01
1.219479e+02,7.804648e+01,5.144377e+01,5.043507e+01
1.215202e+02,7.548797e+01,5.203986e+01,5.101951e+01
1.208775e+02,7.425271e+01,5.207169e+01,5.105078e+01
1.218430e+02,7.389308e+01,5.082379e+01,4.982724e+01
1.213081e+02,7.283011e+01,5.161975e+01,5.060761e+01
1.227211e+02,7.333864e+01,5.017000e+01,4.918628e+01
1.214421e+02,7.345109e+01,5.103646e+01,5.003585e+01
1.207341e+02,7.180373e+01,5.144482e+01,5.043611e+01
1.198368e+02,7.042063e+01,5.282678e+01,5.179096e+01
1.200608e+02,7.064216e+01,5.082893e+01,4.983241e+01
1.188822e+02,6.869441e+01,5.230165e+01,5.127634e+01
1.186257e+02,6.752757e+01,5.128786e+01,5.028226e+01
1.177699e+02,6.674781e+01,5.071295e+01,4.971858e+01
1.164244e+02,6.522834e+01,5.119979e+01,5.019594e+01
1.151044e+02,6.371788e+01,5.032692e+01,4.934013e+01
1.124228e+02,6.238661e+01,5.088564e+01,4.988799e+01
1.106176e+02,6.187124e+01,4.922142e+01,4.825636e+01
1.079271e+02,6.061608e+01,5.092568e+01,4.992716e+01
1.062026e+02,6.023351e+01,5.020746e+01,4.922300e+01
1.047031e+02,6.018407e+01,4.913716e+01,4.817374e+01
1.037189e+02,5.992711e+01,4.984543e+01,4.886811e+01
1.026772e+02,5.991260e+01,4.909011e+01,4.812759e+01
1.020934e+02,5.996832e+01,4.984196e+01,4.886471e+01
1.014100e+02,5.992401e+01,5.028218e+01,4.929626e+01
1.004175e+02,5.974883e+01,5.014197e+01,4.915881e+01
1.008822e+02,5.957348e+01,4.973146e+01,4.875634e+01
9.994152e+01,5.876320e+01,5.010695e+01,4.912466e+01
1.009189e+02,5.982745e+01,4.932878e+01,4.836155e+01
1.019881e+02,5.974365e+01,4.958173e+01,4.860961e+01
1.028558e+02,5.979221e+01,4.915084e+01,4.818714e+01
1.034874e+02,6.042854e+01,4.993218e+01,4.895314e+01
1.039596e+02,6.160927e+01,5.023439e+01,4.924941e+01
1.051041e+02,6.198609e+01,4.985801e+01,4.888045e+01
1.055940e+02,6.208226e+01,5.061082e+01,4.961872e+01
1.066738e+02,6.280370e+01,5.046619e+01,4.947698e+01
1.071962e+02,6.385596e+01,5.087531e+01,4.987792e+01
1.079964e+02,6.513659e+01,5.103422e+01,5.003381e+01
1.091014e+02,6.700409e+01,5.110710e+01,5.010519e+01
1.106883e+02,6.856623e+01,5.060853e+01,4.961636e+01
1.106038e+02,6.810716e+01,5.166680e+01,5.065393e+01
1.115423e+02,7.004622e+01,5.052235e+01,4.953183e+01
1.109758e+02,7.112132e+01,5.096674e+01,4.996778e+01
1.108767e+02,7.126185e+01,5.032314e+01,4.933651e+01
1.120647e+02,7.157056e+01,5.103523e+01,5.003478e+01
1.123011e+02,7.237767e+01,5.100582e+01,5.000596e+01
1.136550e+02,7.318902e+01,5.042317e+01,4.943466e+01
1.140582e+02,7.388042e+01,5.109439e+01,5.009280e+01
1.138218e+02,7.418302e+01,5.037600e+01,4.938835e+01
1.135354e+02,7.311748e+01,5.107622e+01,5.007489e+01
1.136792e+02,7.264684e+01,5.084185e+01,4.984506e+01
1.139746e+02,7.234344e+01,5.070499e+01,4.971085e+01
1.138505e+02,7.257145e+01,5.056141e+01,4.957076e+01
1.131639e+02,7.238258e+01,5.099073e+01,4.999100e+01
1.136000e+02,7.164814e+01,5.055912e+01,4.956778e+01
1.134203e+02,7.112550e+01,5.160653e+01,5.059530e+01
1.137714e+02,7.234345e+01,5.099674e+01,4.999692e+01
1.138228e+02,7.265983e+01,5.061149e+01,4.961929e+01
1.129948e+02,7.246761e+01,5.106642e+01,5.006600e+01
1.122863e+02,7.232652e+01,5.169215e+01,5.067951e+01
1.111845e+02,7.271300e+01,5.090890e+01,4.991074e+01
1.103922e+02,7.265971e+01,5.084158e+01,4.984501e+01
1.091581e+02,7.151405e+01,5.218687e+01,5.116396e+01
1.073248e+02,7.102256e+01,5.241563e+01,5.138815e+01
1.063589e+02,7.134166e+01,5.146419e+01,5.045611e+01
1.048684e+02,7.161092e+01,5.124852e+01,5.024421e+01
1.024370e+02,7.151265e+01,5.195721e+01,5.093911e+01
1.013008e+02,7.111180e+01,5.192767e+01,5.090979e+01
1.014399e+02,7.123600e+01,5.172829e+01,5.071416e+01
1.011874e+02,7.083640e+01,5.184471e+01,5.082830e+01
1.010088e+02,7.079162e+01,5.263692e+01,5.160489e+01
1.023780e+02,7.162443e+01,5.109830e+01,5.009741e+01
1.018562e+02,7.098037e+01,5.206417e+01,5.104426e+01
1.025355e+02,7.216285e+01,5.141180e+01,5.040377e+01
1.019851e+02,7.199918e+01,5.320109e+01,5.215802e+01
1.032559e+02,7.254145e+01,5.185418e+01,5.083753e+01
1.032556e+02,7.376616e+01,5.195839e+01,5.093973e+01
1.037218e+02,7.352871e+01,5.259911e+01,5.156776e+01
1.037004e+02,7.408751e+01,5.259010e+01,5.155892e+01
1.044850e+02,7.433589e+01,5.230343e+01,5.127787e+01
1.042033e+02,7.434041e+01,5.216685e+01,5.114397e+01
1.048534e+02,7.343704e+01,5.223294e+01,5.120877e+01
1.046500e+02,7.297743e+01,5.257190e+01,5.154108e+01
1.046879e+02,7.223760e+01,5.354116e+01,5.249134e+01
1.045649e+02,7.226323e+01,5.336166e+01,5.231536e+01
1.045056e+02,7.245281e+01,5.311839e+01,5.207686e+01
1.048444e+02,7.226190e+01,5.302634e+01,5.198664e+01
1.051540e+02,7.273943e+01,5.202484e+01,5.100474e+01
1.046312e+02,7.262085e+01,5.300426e+01,5.196497e+01
1.051288e+02,7.204229e+01,5.244580e+01,5.141746e+01
1.046988e+02,7.220736e+01,5.295098e+01,5.191275e+01
1.058614e+02,7.251875e+01,5.182645e+01,5.081027e+01
1.045668e+02,7.276822e+01,5.179940e+01,5.078372e+01
1.039522e+02,7.192811e+01,5.240619e+01,5.137862e+01
1.031840e+02,7.085601e+01,5.270936e+01,5.167586e+01
1.032225e+02,7.132472e+01,5.199151e+01,5.097222e+01
1.040960e+02,7.136398e+01,5.010987e+01,4.912736e+01
1.018769e+02,6.996078e+01,5.223196e+01,5.120780e+01
1.017313e+02,6.956836e+01,5.209702e+01,5.107551e+01
1.023329e+02,6.959970e+01,5.073977e+01,4.974493e+01
1.011038e+02,6.963972e+01,5.165573e+01,5.064288e+01
1.006052e+02,6.958316e+01,5.157050e+01,5.055931e+01
1.013531e+02,6.938751e+01,5.037113e+01,4.938354e+01
1.004323e+02,6.973558e+01,5.107379e+01,5.007234e+01
1.007270e+02,6.987278e+01,5.002421e+01,4.904339e+01
1.008443e+02,7.007684e+01,5.021234e+01,4.922779e+01
1.010490e+02,7.100357e+01,4.986473e+01,4.888702e+01
1.006133e+02,7.060706e+01,5.013324e+01,4.915029e+01
1.011520e+02,7.214297e+01,4.884630e+01,4.788854e+01
1.019969e+02,7.218288e+01,4.840674e+01,4.745765e+01
1.018123e+02,7.132673e+01,4.825574e+01,4.730963e+01
1.018772e+02,7.195737e+01,4.815998e+01,4.721571e+01
1.021338e+02,7.144157e+01,4.842656e+01,4.747705e+01
1.018520e+02,7.167715e+01,4.812224e+01,4.717875e+01
1.030265e+02,7.193610e+01,4.762163e+01,4.668800e+01
1.038291e+02,7.256850e+01,4.694990e+01,4.602935e+01
1.037315e+02,7.345318e+01,4.705607e+01,4.613343e+01
1.044376e+02,7.385635e+01,4.700504e+01,4.608339e+01
1.051662e+02,7.399042e+01,4.697476e+01,4.605372e+01
1.046530e+02,7.420438e+01,4.731833e+01,4.639052e+01
1.055173e+02,7.490000e+01,4.663312e+01,4.571891e+01
1.049743e+02,7.519072e+01,4.758980e+01,4.665667e+01
1.054956e+02,7.650021e+01,4.651492e+01,4.560301e+01
1.066893e+02,7.705551e+01,4.604369e+01,4.514122e+01
1.071064e+02,7.693879e+01,4.631858e+01,4.541051e+01
1.072999e+02,7.795574e+01,4.595473e+01,4.505395e+01
1.073246e+02,7.767778e+01,4.642710e+01,4.551691e+01
1.074075e+02,7.899122e+01,4.585833e+01,4.495930e+01
1.073140e+02,7.902137e+01,4.547991e+01,4.458835e+01
1.063745e+02,7.923586e+01,4.634335e+01,4.543472e+01
1.062812e+02,7.963634e+01,4.624141e+01,4.533478e+01
1.069110e+02,8.046542e+01,4.478333e+01,4.390552e+01
1.059960e+02,8.098972e+01,4.491997e+01,4.403951e+01
1.054843e+02,8.099644e+01,4.563632e+01,4.474192e+01
1.049024e+02,8.097627e+01,4.528491e+01,4.439743e+01
1.055733e+02,8.109727e+01,4.441109e+01,4.354089e+01
1.046843e+02,8.029892e+01,4.530040e+01,4.441265e+01
1.055353e+02,8.058058e+01,4.403878e+01,4.317576e+01
1.047591e+02,8.058412e+01,4.354224e+01,4.268898e+01
1.049813e+02,8.100658e+01,4.343537e+01,4.258425e+01
1.046338e+02,8.038646e+01,4.309102e+01,4.224666e+01
1.045672e+02,8.001312e+01,4.315359e+01,4.230805e+01
1.041866e+02,8.013023e+01,4.300453e+01,4.216192e+01
1.033971e+02,7.941186e+01,4.322247e+01,4.237567e+01
1.024259e+02,7.878883e+01,4.389654e+01,4.303670e+01
1.020134e+02,7.861298e+01,4.334237e+01,4.249343e+01
1.024890e+02,7.896031e+01,4.207510e+01,4.125043e+01
1.015056e+02,7.872533e+01,4.290685e+01,4.206608e+01
9.975209e+01,7.763284e+01,4.437883e+01,4.350904e+01
1.010542e+02,7.835778e+01,4.237579e+01,4.154579e+01
9.985933e+01,7.747305e+01,4.355111e+01,4.269783e+01
9.964030e+01,7.754814e+01,4.282035e+01,4.198118e+01
9.975178e+01,7.743611e+01,4.348368e+01,4.263162e+01
9.943514e+01,7.752339e+01,4.386563e+01,4.300598e+01
1.011963e+02,7.938245e+01,4.215417e+01,4.132835e+01
1.008485e+02,7.879470e+01,4.335466e+01,4.250499e+01
1.012874e+02,7.895817e+01,4.350249e+01,4.264980e+01
1.009378e+02,7.907739e+01,4.393419e+01,4.307322e+01
1.008510e+02,8.011864e+01,4.417631e+01,4.331034e+01
1.004540e+02,8.052609e+01,4.378486e+01,4.292658e+01
1.000386e+02,8.034845e+01,4.395790e+01,4.309633e+01
1.007559e+02,8.115156e+01,4.382811e+01,4.296902e+01
1.000519e+02,8.103166e+01,4.395348e+01,4.309194e+01
9.954766e+01,7.936179e+01,4.610406e+01,4.520031e+01
1.008504e+02,7.983108e+01,4.482603e+01,4.394738e+01
1.009955e+02,7.994049e+01,4.484900e+01,4.396983e+01
1.011298e+02,7.986211e+01,4.479777e+01,4.391950e+01
1.012090e+02,7.895117e+01,4.583670e+01,4.493822e+01
1.008218e+02,7.969905e+01,4.563568e+01,4.474101e+01
1.009462e+02,8.002588e+01,4.550853e+01,4.461639e+01
1.007364e+02,8.007641e+01,4.548792e+01,4.459614e+01
1.002193e+02,7.959315e+01,4.578168e+01,4.488418e+01
1.004190e+02,7.888807e+01,4.590289e+01,4.500292e+01
1.002429e+02,7.837501e+01,4.588037e+01,4.498098e+01
9.985888e+01,7.686860e+01,4.611730e+01,4.521326e+01
9.989880e+01,7.522989e+01,4.582644e+01,4.492813e+01
9.941774e+01,7.390312e+01,4.533246e+01,4.444361e+01
1.000659e+02,7.094731e+01,4.575135e+01,4.485444e+01
9.912441e+01,6.926751e+01,4.694872e+01,4.602840e+01
9.971378e+01,6.727567e+01,4.636162e+01,4.545273e+01
9.956827e+01,6.619209e+01,4.634491e+01,4.543630e+01
9.919353e+01,6.331974e+01,4.645999e+01,4.554956e+01
9.967785e+01,6.239820e+01,4.509551e+01,4.421142e+01
9.918304e+01,5.969102e+01,4.544599e+01,4.455507e+01
9.936908e+01,5.755680e+01,4.553794e+01,4.464522e+01
9.923273e+01,5.549817e+01,4.554605e+01,4.465317e+01
9.953201e+01,5.440452e+01,4.498395e+01,4.410214e+01
9.933240e+01,5.314417e+01,4.519163e+01,4.430588e+01
9.896552e+01,5.079939e+01,4.621962e+01,4.531354e+01
9.859227e+01,4.775780e+01,4.658546e+01,4.567211e+01
9.967005e+01,4.712207e+01,4.512835e+01,4.424378e+01
9.968368e+01,4.652451e+01,4.598119e+01,4.507967e+01
9.993664e+01,4.621393e+01,4.539492e+01,4.450490e+01
1.003242e+02,4.621101e+01,4.535422e+01,4.446498e+01
1.010990e+02,4.747124e+01,4.557384e+01,4.468083e+01
1.015790e+02,4.793826e+01,4.663357e+01,4.571997e+01
1.023117e+02,4.925629e+01,4.734102e+01,4.641339e+01
1.028600e+02,5.088324e+01,4.755966e+01,4.662794e+01
1.051619e+02,5.334775e+01,4.620590e+01,4.530075e+01
1.059337e+02,5.423930e+01,4.666743e+01,4.575250e+01
1.070913e+02,5.583677e+01,4.660173e+01,4.568805e+01
1.086651e+02,5.746637e+01,4.649490e+01,4.558412e+01
1.098899e+02,5.850836e+01,4.675281e+01,4.583664e+01
1.105889e+02,5.869201e+01,4.762109e+01,4.668833e+01
1.123409e+02,5.944664e+01,4.704697e+01,4.612452e+01
1.122156e+02,5.997531e+01,4.761957e+01,4.668672e+01
1.132395e+02,6.019930e+01,4.770827e+01,4.677361e+01
1.137330e+02,6.053651e+01,4.720178e+01,4.627633e+01
1.142180e+02,6.088056e+01,4.707560e+01,4.615257e+01
1.141005e+02,6.106363e+01,4.843168e+01,4.748205e+01
1.149788e+02,6.221746e+01,4.785729e+01,4.691963e+01
1.159641e+02,6.359124e+01,4.757719e+01,4.664538e+01
1.164285e+02,6.409943e+01,4.887918e+01,4.792078e+01
1.177926e+02,6.573067e+01,4.754567e+01,4.661367e+01
1.189775e+02,6.701004e+01,4.806890e+01,4.712707e+01
1.208527e+02,6.950718e+01,4.694867e+01,4.602934e+01
1.219667e+02,7.129804e+01,4.614572e+01,4.524130e+01
1.223828e+02,7.235910e+01,4.634497e+01,4.543698e+01
1.221016e+02,7.374276e+01,4.654275e+01,4.563060e+01
1.219662e+02,7.481215e+01,4.651552e+01,4.560462e+01
1.227603e+02,7.726266e+01,4.617149e+01,4.526668e+01
1.220865e+02,7.870397e+01,4.668050e+01,4.576565e+01
1.199609e+02,7.986485e+01,4.742722e+01,4.649766e+01
1.195229e+02,8.073829e+01,4.806791e+01,4.712655e+01
1.187718e+02,8.236983e+01,4.856712e+01,4.761534e+01
1.178768e+02,8.349336e+01,4.836841e+01,4.742051e+01
1.175330e+02,8.424441e+01,4.824339e+01,4.729804e+01
1.161700e+02,8.422158e+01,4.898208e+01,4.802202e+01
1.163910e+02,8.467398e+01,4.868589e+01,4.773172e+01
1.152048e+02,8.504880e+01,4.926807e+01,4.830259e+01
1.146396e+02,8.487480e+01,4.932282e+01,4.835628e+01
1.144661e+02,8.461549e+01,4.930720e+01,4.834092e+01
1.132788e+02,8.462992e+01,4.957019e+01,4.859881e+01
1.130288e+02,8.449662e+01,4.968036e+01,4.870680e+01
1.116174e+02,8.397537e+01,4.972344e+01,4.874911e+01
1.104767e+02,8.256267e+01,5.108675e+01,5.008592e+01
1.099524e+02,8.333360e+01,4.960866e+01,4.863656e+01
1.082079e+02,8.215067e+01,5.059748e+01,4.960605e+01
1.073076e+02,8.157085e+01,5.096561e+01,4.996676e+01
1.054891e+02,8.127001e+01,5.010032e+01,4.911871e+01
1.048543e+02,7.998988e+01,5.060089e+01,4.960917e+01
1.021919e+02,7.921475e+01,5.170903e+01,5.069582e+01
1.013077e+02,7.884334e+01,5.154129e+01,5.053114e+01
9.940674e+01,7.876003e+01,5.154521e+01,5.053510e+01
9.752415e+01,7.852359e+01,5.168492e+01,5.067217e+01
9.513482e+01,7.641623e+01,5.310717e+01,5.206703e+01
9.439507e+01,7.613170e+01,5.215082e+01,5.112871e+01
9.295896e+01,7.634142e+01,5.190728e+01,5.089022e+01
9.167714e+01,7.546283e+01,5.161824e+01,5.060667e+01
8.990355e+01,7.579634e+01,5.142091e+01,5.041316e+01
8.861704e+01,7.459311e+01,5.195339e+01,5.093534e+01
8.726819e+01,7.454605e+01,5.249341e+01,5.146482e+01
8.571632e+01,7.421015e+01,5.254581e+01,5.151579e+01
8.484648e+01,7.349596e+01,5.257544e+01,5.154500e+01
8.363377e+01,7.361556e+01,5.219623e+01,5.117388e+01
8.196850e+01,7.371178e+01,5.294602e+01,5.190831e+01
8.009624e+01,7.246360e+01,5.430341e+01,5.323923e+01
7.941804e+01,7.314258e+01,5.256060e+01,5.153046e+01
7.771062e+01,7.307214e+01,5.355685e+01,5.250716e+01
7.569299e+01,7.315648e+01,5.351119e+01,5.246259e+01
7.387395e+01,7.397527e+01,5.351883e+01,5.247016e+01
7.200414e+01,7.379085e+01,5.375378e+01,5.270042e+01
7.033468e+01,7.379816e+01,5.459974e+01,5.352948e+01
6.904699e+01,7.328347e+01,5.479654e+01,5.372287e+01
6.765474e+01,7.319279e+01,5.477082e+01,5.369712e+01
6.664058e+01,7.369962e+01,5.454180e+01,5.347293e+01
6.408321e+01,7.338115e+01,5.546363e+01,5.437640e+01
6.339625e+01,7.378883e+01,5.444656e+01,5.337989e+01
6.160361e+01,7.380521e+01,5.537555e+01,5.429049e+01
6.077434e+01,7.357285e+01,5.535127e+01,5.426653e+01
5.873930e+01,7.402949e+01,5.509872e+01,5.401878e+01
5.801000e+01,7.424722e+01,5.445345e+01,5.338662e+01
5.640663e+01,7.399675e+01,5.400360e+01,5.294531e+01
5.441259e+01,7.451576e+01,5.432240e+01,5.325782e+01
5.238195e+01,7.471893e+01,5.478333e+01,5.370992e+01
5.072752e+01,7.449974e+01,5.511982e+01,5.403954e+01
4.965656e+01,7.471355e+01,5.492896e+01,5.385223e+01
4.894755e+01,7.402640e+01,5.476406e+01,5.369105e+01
4.796711e+01,7.319998e+01,5.431334e+01,5.324900e+01
4.669694e+01,7.196242e+01,5.533797e+01,5.425325e+01
4.612876e+01,7.211832e+01,5.517871e+01,5.409729e+01
4.593488e+01,7.206336e+01,5.515588e+01,5.407537e+01
4.619689e+01,7.216068e+01,5.503835e+01,5.396025e+01
4.688428e+01,7.170693e+01,5.453058e+01,5.346196e+01
4.742502e+01,7.016129e+01,5.645334e+01,5.534685e+01
4.903033e+01,6.821901e+01,5.637623e+01,5.527115e+01
5.147183e+01,6.766762e+01,5.524681e+01,5.416446e+01
5.375362e+01,6.707491e+01,5.476382e+01,5.369074e+01
5.498608e+01,6.557539e+01,5.505593e+01,5.397688e+01
5.624525e+01,6.563584e+01,5.445997e+01,5.339261e+01
5.688050e+01,6.409657e+01,5.563945e+01,5.454952e+01
5.807399e+01,6.185580e+01,5.569997e+01,5.460871e+01
5.963864e+01,5.957909e+01,5.519884e+01,5.411723e+01
6.081149e+01,5.910182e+01,5.435513e+01,5.328986e+01
6.194771e+01,5.687791e+01,5.480772e+01,5.373372e+01
6.338872e+01,5.459002e+01,5.447227e+01,5.340501e+01
6.490715e+01,5.385928e+01,5.390313e+01,5.284737e+01
6.586923e+01,5.189953e+01,5.463461e+01,5.356399e+01
6.749378e+01,5.107675e+01,5.362658e+01,5.257589e+01
6.989638e+01,4.940406e+01,5.356216e+01,5.251283e+01
7.070218e+01,4.789853e+01,5.474422e+01,5.367197e+01
7.259861e+01,4.734870e+01,5.477877e+01,5.370502e+01
7.526332e+01,4.716822e+01,5.340374e+01,5.235753e+01
7.763648e+01,4.521161e+01,5.400995e+01,5.295184e+01
8.003873e+01,4.461132e+01,5.312499e+01,5.208448e+01
8.250258e+01,4.435070e+01,5.301982e+01,5.198140e+01
8.395592e+01,4.503363e+01,5.308671e+01,5.204651e+01
8.587520e+01,4.473148e+01,5.354477e+01,5.249585e+01
8.781897e+01,4.479699e+01,5.291178e+01,5.187539e+01
9.014983e+01,4.668569e+01,5.263245e+01,5.160171e+01
9.183540e+01,4.764848e+01,5.298280e+01,5.194469e+01
9.380681e+01,4.845971e+01,5.279129e+01,5.175748e+01
9.517965e+01,5.006758e+01,5.283250e+01,5.179736e+01
9.626786e+01,5.147651e+01,5.286138e+01,5.182613e+01
9.755704e+01,5.308569e+01,5.295518e+01,5.191866e+01
9.863338e+01,5.479243e+01,5.241122e+01,5.138493e+01
9.980482e+01,5.604475e+01,5.212418e+01,5.110264e+01
1.012462e+02,5.814621e+01,5.168023e+01,5.066785e+01
1.012795e+02,5.981551e+01,5.168334e+01,5.067089e+01
1.024887e+02,6.189386e+01,5.117536e+01,5.017318e+01
1.023017e+02,6.499532e+01,5.117287e+01,5.017050e+01
1.025708e+02,6.644675e+01,5.155438e+01,5.054439e+01
1.028731e+02,6.891867e+01,5.153732e+01,5.052775e+01
1.028720e+02,7.100168e+01,5.154363e+01,5.053404e+01
1.028922e+02,7.352467e+01,5.158074e+01,5.057023e+01
1.030153e+02,7.603864e+01,5.155738e+01,5.054711e+01
1.035195e+02,7.796979e+01,5.182745e+01,5.081216e+01
1.031876e+02,7.965600e+01,5.258791e+01,5.155798e+01
1.038843e+02,8.212463e+01,5.140899e+01,5.040252e+01
1.046329e+02,8.435197e+01,5.084748e+01,4.985194e+01
1.041562e+02,8.563484e+01,5.241528e+01,5.138853e+01
1.044988e+02,8.935154e+01,5.203755e+01,5.101842e+01
1.043983e+02,9.172799e+01,5.250555e+01,5.147731e+01
1.047773e+02,9.419398e+01,5.278638e+01,5.175301e+01
1.049419e+02,9.710687e+01,5.210309e+01,5.108243e+01
1.060645e+02,9.982430e+01,5.149152e+01,5.048287e+01
1.056723e+02,1.023140e+02,5.206707e+01,5.104797e+01
1.056174e+02,1.045937e+02,5.233948e+01,5.131415e+01
1.055723e+02,1.071976e+02,5.235343e+01,5.132794e+01
1.056627e+02,1.091245e+02,5.280781e+01,5.177306e+01
1.051042e+02,1.122169e+02,5.245885e+01,5.143183e+01
1.044207e+02,1.144441e+02,5.224431e+01,5.122066e+01
1.040218e+02,1.170375e+02,5.261352e+01,5.158290e+01
1.039081e+02,1.193952e+02,5.303969e+01,5.200073e+01
1.037517e+02,1.216886e+02,5.218878e+01,5.116689e+01
1.036047e+02,1.239305e+02,5.274885e+01,5.171637e+01
1.028612e+02,1.265018e+02,5.286479e+01,5.182948e+01
1.023554e+02,1.285078e+02,5.324888e+01,5.220585e+01
1.022516e+02,1.310917e+02,5.315209e+01,5.211083e+01
1.022858e+02,1.340797e+02,5.313695e+01,5.209625e+01
1.013603e+02,1.355722e+02,5.400710e+01,5.294888e+01
1.017477e+02,1.383218e+02,5.351486e+01,5.246677e+01
1.007225e+02,1.401168e+02,5.367801e+01,5.262614e+01
1.002284e+02,1.414799e+02,5.452580e+01,5.345831e+01
9.987645e+01,1.438603e+02,5.434573e+01,5.328108e+01
9.849186e+01,1.455550e+02,5.494323e+01,5.386675e+01
9.838842e+01,1.478889e+02,5.459139e+01,5.352210e+01
9.790148e+01,1.498560e+02,5.471093e+01,5.363933e+01
9.725449e+01,1.513877e+02,5.494274e+01,5.386700e+01
9.689496e+01,1.525043e+02,5.459655e+01,5.352727e+01
9.650912e+01,1.542190e+02,5.387260e+01,5.281690e+01
9.547415e+01,1.552876e+02,5.514856e+01,5.406818e+01
9.483372e+01,1.555701e+02,5.452239e+01,5.345422e+01
9.488293e+01,1.574828e+02,5.456829e+01,5.349884e+01
9.391559e+01,1.589414e+02,5.543144e+01,5.434600e+01
9.280527e+01,1.601650e+02,5.531277e+01,5.422936e+01
9.230497e+01,1.613488e+02,5.450935e+01,5.344175e+01
9.057749e+01,1.625198e+02,5.547710e+01,5.438986e+01
8.968940e+01,1.630961e+02,5.594594e+01,5.484997e+01
8.841833e+01,1.633740e+02,5.533794e+01,5.425409e+01
8.710222e+01,1.634648e+02,5.619197e+01,5.509137e+01
8.633226e+01,1.634781e+02,5.594669e+01,5.485086e+01
8.533118e+01,1.640077e+02,5.641232e+01,5.530739e+01
8.434301e+01,1.641746e+02,5.657868e+01,5.547045e+01
8.317099e+01,1.653961e+02,5.643008e+01,5.532468e+01
8.243385e+01,1.653264e+02,5.702124e+01,5.590427e+01
8.140046e+01,1.657144e+02,5.636739e+01,5.526326e+01
8.036306e+01,1.638689e+02,5.657163e+01,5.546288e+01
7.939312e+01,1.602647e+02,5.688259e+01,5.576783e+01
7.925057e+01,1.578680e+02,5.690859e+01,5.579336e+01
7.896058e+01,1.549476e+02,5.672886e+01,5.561695e+01
7.818542e+01,1.510139e+02,5.693748e+01,5.582149e+01
7.854506e+01,1.484875e+02,5.624711e+01,5.514467e+01
7.814300e+01,1.448731e+02,5.788566e+01,5.675108e+01
7.848650e+01,1.407535e+02,5.670938e+01,5.559791e+01
7.807135e+01,1.362495e+02,5.748618e+01,5.635961e+01
7.827114e+01,1.313470e+02,5.734398e+01,5.622076e+01
7.839105e+01,1.286958e+02,5.757846e+01,5.645074e+01
7.988892e+01,1.253731e+02,5.699673e+01,5.587962e+01
7.910411e+01,1.216175e+02,5.903941e+01,5.788260e+01
7.974129e+01,1.182447e+02,5.832564e+01,5.718226e+01
8.170692e+01,1.151137e+02,5.798640e+01,5.684963e+01
8.285356e+01,1.117862e+02,5.859843e+01,5.744967e+01
8.423571e+01,1.091261e+02,5.804337e+01,5.690544e+01
8.573763e+01,1.059091e+02,5.835546e+01,5.721146e+01
8.700993e+01,1.063488e+02,5.746583e+01,5.633917e+01
8.833325e+01,1.050381e+02,5.764557e+01,5.651558e+01
9.020137e+01,1.025170e+02,5.870252e+01,5.755155e+01
9.153903e+01,1.013881e+02,5.776105e+01,5.662927e+01
9.307826e+01,9.931744e+01,5.803042e+01,5.689292e+01
9.507411e+01,9.816141e+01,5.703724e+01,5.591910e+01
9.665933e+01,9.756822e+01,5.771570e+01,5.658469e+01
9.900167e+01,9.707032e+01,5.712073e+01,5.600099e+01
1.020150e+02,9.803881e+01,5.682044e+01,5.570672e+01
1.039306e+02,9.850776e+01,5.690933e+01,5.579395e+01
1.046930e+02,9.831314e+01,5.684726e+01,5.573272e+01
1.069584e+02,9.735759e+01,5.730454e+01,5.618107e+01
1.080098e+02,9.682114e+01,5.757402e+01,5.644531e+01
1.094879e+02,9.671396e+01,5.724249e+01,5.612021e+01
1.108953e+02,9.710910e+01,5.639064e+01,5.528514e+01
1.117956e+02,9.617837e+01,5.712739e+01,5.600734e+01
1.145865e+02,9.634584e+01,5.659419e+01,5.548463e+01
1.164700e+02,9.625776e+01,5.575782e+01,5.466483e+01
1.185782e+02,9.532550e+01,5.591182e+01,5.481624e+01
1.208660e+02,9.561454e+01,5.554685e+01,5.445794e+01
1.221358e+02,9.436891e+01,5.620468e+01,5.510307e+01
1.250820e+02,9.578176e+01,5.439233e+01,5.332781e+01
1.265434e+02,9.381755e+01,5.495845e+01,5.388112e+01
1.284353e+02,9.311763e+01,5.529725e+01,5.421323e+01
1.303322e+02,9.322046e+01,5.536569e+01,5.428076e+01
1.320282e+02,9.102316e+01,5.656946e+01,5.546035e+01
1.350015e+02,9.196523e+01,5.577195e+01,5.467881e+01
1.381447e+02,9.242309e+01,5.495738e+01,5.388003e+01
1.399664e+02,9.180068e+01,5.496914e+01,5.389152e+01
1.427535e+02,9.237415e+01,5.488701e+01,5.381202e+01
1.456175e+02,9.304045e+01,5.429734e+01,5.323280e+01
1.487468e+02,9.354171e+01,5.430415e+01,5.323966e+01
1.509036e+02,9.445069e+01,5.448880e+01,5.342076e+01
1.529511e+02,9.574955e+01,5.357471e+01,5.252459e+01
1.545223e+02,9.670289e+01,5.321458e+01,5.217131e+01
1.568151e+02,9.895949e+01,5.308373e+01,5.204332e+01
1.578169e+02,9.930727e+01,5.313636e+01,5.209464e+01
1.591435e+02,1.023874e+02,5.312336e+01,5.208215e+01
1.595360e+02,1.051162e+02,5.284648e+01,5.181065e+01
1.602039e+02,1.093817e+02,5.274351e+01,5.170971e+01
1.609370e+02,1.124204e+02,5.166383e+01,5.065116e+01
1.612048e+02,1.143798e+02,5.255353e+01,5.152351e+01
1.627952e+02,1.167207e+02,5.168308e+01,5.066987e+01
1.636746e+02,1.184338e+02,5.251903e+01,5.148965e+01
1.658837e+02,1.197708e+02,5.166578e+01,5.065288e+01
1.691878e+02,1.197161e+02,5.030844e+01,4.932218e+01
1.715138e+02,1.190463e+02,5.023155e+01,4.924683e+01
1.723931e+02,1.158870e+02,5.207037e+01,5.104976e+01
1.734519e+02,1.128529e+02,5.300173e+01,5.196284e+01
1.741110e+02,1.097642e+02,5.216987e+01,5.114744e+01
1.764763e+02,1.067152e+02,5.029606e+01,4.931015e+01
1.775056e+02,1.020208e+02,5.144562e+01,5.043713e+01
1.785535e+02,9.812156e+01,5.042136e+01,4.943280e+01
1.787177e+02,9.297795e+01,5.174798e+01,5.073448e+01
1.782874e+02,8.960540e+01,5.152822e+01,5.051796e+01
1.795903e+02,8.687437e+01,5.173134e+01,5.071709e+01
1.808285e+02,8.532263e+01,4.975768e+01,4.878240e+01
1.793198e+02,8.081773e+01,5.235812e+01,5.133245e+01
1.789351e+02,7.919137e+01,5.087488e+01,4.987848e+01
1.782783e+02,7.662746e+01,5.100794e+01,5.000784e+01
1.779152e+02,7.555034e+01,5.035247e+01,4.936553e+01
1.768944e+02,7.075737e+01,5.298365e+01,5.194531e+01
1.779436e+02,6.767295e+01,5.095829e+01,4.995940e+01
1.784319e+02,6.397033e+01,5.166030e+01,5.064756e+01
1.793566e+02,6.206650e+01,5.095232e+01,4.995343e+01
1.804666e+02,5.755055e+01,5.069964e+01,4.970587e+01
1.806911e+02,5.592963e+01,5.074242e+01,4.974782e+01
1.802048e+02,5.359788e+01,5.094477e+01,4.994617e+01
1.817258e+02,5.290204e+01,4.902405e+01,4.806316e+01
1.804530e+02,5.096055e+01,5.077178e+01,4.977648e+01
1.795419e+02,4.960145e+01,5.054737e+01,4.955625e+01
1.779413e+02,4.972304e+01,5.173915e+01,5.072483e+01
1.767329e+02,5.023283e+01,5.187811e+01,5.086108e+01
1.744990e+02,5.156163e+01,5.275783e+01,5.172438e+01
1.732350e+02,5.343728e+01,5.302357e+01,5.198414e+01
1.715613e+02,5.724271e+01,5.047531e+01,4.948562e+01
1.689327e+02,5.687718e+01,5.302778e+01,5.198822e+01
1.679017e+02,6.042359e+01,5.094098e+01,4.994217e+01
1.666672e+02,6.283651e+01,5.057499e+01,4.958339e+01
1.639927e+02,6.438176e+01,5.105445e+01,5.005341e+01
1.613592e+02,6.650766e+01,5.048296e+01,4.949311e+01
1.583888e+02,6.966923e+01,5.084451e+01,4.984756e+01
1.552278e+02,7.034691e+01,5.255132e+01,5.152164e+01
1.523202e+02,7.104954e+01,5.277406e+01,5.173929e+01
1.493198e+02,7.209224e+01,5.227015e+01,5.124527e+01
1.463174e+02,7.238291e+01,5.388642e+01,5.283057e+01
1.439385e+02,7.346827e+01,5.130054e+01,5.029464e+01
1.412902e+02,7.403734e+01,5.144311e+01,5.043442e+01
1.385360e+02,7.368560e+01,5.208974e+01,5.106838e+01
1.357548e+02,7.330071e+01,5.228904e+01,5.126376e+01
1.318331e+02,7.440435e+01,5.252940e+01,5.149945e+01
1.280971e+02,7.642896e+01,5.221522e+01,5.119142e+01
1.240921e+02,7.877170e+01,5.177294e+01,5.075785e+01
1.211558e+02,8.006963e+01,5.155271e+01,5.054187e+01
1.181990e+02,8.098772e+01,5.196995e+01,5.095094e+01
1.194766e+02,8.262958e+01,5.099620e+01,4.999633e+01
1.197760e+02,8.042303e+01,5.280127e+01,5.176604e+01
1.231874e+02,7.865084e+01,5.220085e+01,5.117824e+01
1.276553e+02,7.850648e+01,5.292895e+01,5.189193e+01
1.320182e+02,7.624419e+01,5.260572e+01,5.157424e+01
1.361224e+02,7.523176e+01,5.377510e+01,5.272068e+01
1.417770e+02,7.508336e+01,5.358875e+01,5.253799e+01
1.444293e+02,7.591941e+01,5.350996e+01,5.246074e+01
1.482687e+02,7.533355e+01,5.288492e+01,5.184896e+01
1.518311e+02,7.436949e+01,5.278125e+01,5.174746e+01
1.525991e+02,7.484425e+01,5.214123e+01,5.111964e+01
1.545599e+02,7.364389e+01,5.192917e+01,5.091096e+01
1.545292e+02,7.184701e+01,5.304500e+01,5.200504e+01
1.520399e+02,7.013521e+01,5.460506e+01,5.353441e+01
1.507528e+02,7.012454e+01,5.414537e+01,5.308374e+01
1.483425e+02,7.143710e+01,5.357624e+01,5.252577e+01
1.449772e+02,7.270244e+01,5.566320e+01,5.457186e+01
1.429789e+02,7.571937e+01,5.326163e+01,5.221825e+01
1.399430e+02,7.884686e+01,5.311543e+01,5.207405e+01
1.365780e+02,8.127477e+01,5.433111e+01,5.326581e+01
1.325367e+02,8.339749e+01,5.402366e+01,5.296444e+01
1.295147e+02,8.569986e+01,5.395040e+01,5.289339e+01
1.253676e+02,8.736962e+01,5.319768e+01,5.215560e+01
1.215540e+02,8.708409e+01,5.490327e+01,5.382674e+01
1.189076e+02,8.929958e+01,5.314936e+01,5.210722e+01
1.150670e+02,8.928341e+01,5.527477e+01,5.419108e+01
1.134083e+02,9.222745e+01,5.437638e+01,5.331018e+01
1.111182e+02,9.479851e+01,5.392886e+01,5.287145e+01
1.087924e+02,9.720047e+01,5.329553e+01,5.225052e+01
1.083329e+02,1.001163e+02,5.266933e+01,5.163665e+01
1.060892e+02,1.030007e+02,5.408773e+01,5.302722e+01
1.061903e+02,1.041646e+02,5.405389e+01,5.299411e+01
1.068940e+02,1.080236e+02,5.299083e+01,5.195189e+01
1.070786e+02,1.112954e+02,5.316934e+01,5.212686e+01
1.055290e+02,1.126052e+02,5.503724e+01,5.395808e+01
1.080929e+02,1.186522e+02,5.283784e+01,5.180180e+01
1.087766e+02,1.220014e+02,5.344630e+01,5.239834e+01
1.105537e+02,1.247980e+02,5.376689e+01,5.271268e+01
1.101034e+02,1.297562e+02,5.324844e+01,5.220436e+01
1.066798e+02,1.247211e+02,5.687927e+01,5.576399e+01
1.105104e+02,1.340896e+02,5.311600e+01,5.207459e+01
1.070138e+02,1.327267e+02,5.516797e+01,5.408625e+01
1.084302e+02,1.329721e+02,5.472412e+01,5.365115e+01
1.111406e+02,1.417852e+02,5.116370e+01,5.016074e+01
1.048920e+02,1.384545e+02,5.727529e+01,5.615230e+01
1.057576e+02,1.377884e+02,5.273692e+01,5.170289e+01
1.050814e+02,1.356533e+02,5.365357e+01,5.260156e+01
1.047407e+02,1.352851e+02,5.366985e+01,5.261751e+01
1.048207e+02,1.375255e+02,5.331847e+01,5.227327e+01
1.023625e+02,1.350578e+02,5.454321e+01,5.347384e+01
1.025984e+02,1.331052e+02,5.349999e+01,5.245105e+01
9.937342e+01,1.279819e+02,5.691144e+01,5.579557e+01
9.797688e+01,1.285186e+02,5.710883e+01,5.598915e+01
9.975347e+01,1.236895e+02,5.439791e+01,5.333131e+01
9.841278e+01,1.212314e+02,5.445273e+01,5.338505e+01
9.911043e+01,1.192934e+02,5.094097e+01,4.994233e+01
9.575333e+01,1.149836e+02,5.686490e+01,5.575050e+01
9.664716e+01,1.114816e+02,5.593515e+01,5.483847e+01
9.713960e+01,1.096767e+02,5.651182e+01,5.540376e+01
9.931355e+01,1.085401e+02,5.242816e+01,5.140015e+01
9.807324e+01,1.045225e+02,5.473565e+01,5.366247e+01
9.768338e+01,1.014229e+02,5.655821e+01,5.544927e+01
9.754350e+01,9.978642e+01,5.635488e+01,5.525001e+01
9.805255e+01,9.804109e+01,5.546981e+01,5.438226e+01
9.807330e+01,9.510770e+01,5.617902e+01,5.507748e+01
9.779936e+01,9.307414e+01,5.620668e+01,5.510463e+01
9.773557e+01,9.040153e+01,5.605945e+01,5.496027e+01
9.894093e+01,8.884497e+01,5.495065e+01,5.387333e+01
9.863896e+01,8.571153e+01,5.556732e+01,5.447792e+01
9.802867e+01,8.206413e+01,5.642906e+01,5.532275e+01
9.805939e+01,7.973281e+01,5.589383e+01,5.479790e+01
9.840534e+01,7.800499e+01,5.570391e+01,5.461171e+01
9.951103e+01,7.586217e+01,5.457978e+01,5.350970e+01
9.845344e+01,7.335027e+01,5.475291e+01,5.367945e+01
9.807609e+01,7.111538e+01,5.552011e+01,5.443152e+01
9.800778e+01,6.936800e+01,5.499574e+01,5.391745e+01
9.704395e+01,6.829047e+01,5.448893e+01,5.342076e+01
9.534538e+01,6.695179e+01,5.445048e+01,5.338287e+01
9.310819e+01,6.533499e+01,5.560060e+01,5.451042e+01
9.165867e+01,6.403406e+01,5.501939e+01,5.394067e+01
9.032990e+01,6.400597e+01,5.330407e+01,5.225893e+01
8.662464e+01,6.269952e+01,5.554294e+01,5.445387e+01
8.524689e+01,6.247938e+01,5.452006e+01,5.345103e+01
8.238028e+01,6.210583e+01,5.537248e+01,5.428674e+01
8.188312e+01,6.084291e+01,5.415692e+01,5.309502e+01
7.956722e+01,5.899088e+01,5.575508e+01,5.466185e+01
7.874993e+01,5.832852e+01,5.462940e+01,5.355827e+01
7.812125e+01,5.922449e+01,5.457661e+01,5.350652e+01
7.683512e+01,5.891904e+01,5.465586e+01,5.358435e+01
7.632235e+01,5.996176e+01,5.542444e+01,5.433785e+01
7.669805e+01,5.989394e+01,5.509607e+01,5.401596e+01
7.618784e+01,6.280805e+01,5.445809e+01,5.339040e+01
7.380359e+01,6.394351e+01,5.471543e+01,5.364259e+01
7.321515e+01,6.512879e+01,5.507208e+01,5.399233e+01
7.186365e+01,6.603213e+01,5.509376e+01,5.401356e+01
6.968521e+01,6.663986e+01,5.570291e+01,5.461079e+01
6.971367e+01,6.826819e+01,5.425521e+01,5.319138e+01
6.793898e+01,6.902898e+01,5.566909e+01,5.457761e+01
6.712025e+01,7.079123e+01,5.505999e+01,5.398060e+01
6.534696e+01,7.252579e+01,5.436523e+01,5.329932e+01
6.323714e+01,7.316033e+01,5.645136e+01,5.534464e+01
6.314256e+01,7.620814e+01,5.486688e+01,5.379112e+01
6.177735e+01,7.796261e+01,5.524940e+01,5.416616e+01
6.159100e+01,8.049672e+01,5.296018e+01,5.192189e+01
6.147966e+01,8.197795e+01,5.359111e+01,5.254056e+01
6.016400e+01,8.469021e+01,5.363246e+01,5.258099e+01
6.059988e+01,8.727097e+01,5.462294e+01,5.355193e+01
6.247107e+01,8.835932e+01,5.633841e+01,5.523420e+01
6.272302e+01,9.291133e+01,5.129545e+01,5.028967e+01
6.312283e+01,9.260795e+01,5.524626e+01,5.416304e+01
6.603941e+01,9.191319e+01,5.512865e+01,5.404805e+01
6.552218e+01,9.260537e+01,5.606618e+01,5.496699e+01
6.857559e+01,9.035362e+01,5.429955e+01,5.323486e+01
7.001888e+01,8.725472e+01,5.463286e+01,5.356187e+01
7.239028e+01,8.285337e+01,5.610404e+01,5.500415e+01
7.599109e+01,8.239726e+01,5.350600e+01,5.245686e+01
7.864092e+01,8.009040e+01,5.307596e+01,5.203527e+01
8.080513e+01,7.677330e+01,5.429289e+01,5.322833e+01
8.495776e+01,7.498123e+01,5.277857e+01,5.174372e+01
8.947098e+01,7.214277e+01,5.219454e+01,5.117114e+01
9.332289e+01,7.079457e+01,5.303544e+01,5.199556e+01
9.293568e+01,6.813156e+01,5.537368e+01,5.428793e+01
9.705036e+01,6.705527e+01,5.485067e+01,5.377517e+01
9.923247e+01,6.420609e+01,5.277808e+01,5.174324e+01
1.004628e+02,6.407304e+01,5.476704e+01,5.369317e+01
1.000233e+02,6.081654e+01,5.572389e+01,5.463127e+01
9.949833e+01,6.165540e+01,5.570653e+01,5.461425e+01
1.006287e+02,6.111666e+01,5.619679e+01,5.509489e+01
1.028445e+02,6.116228e+01,5.229832e+01,5.127289e+01
9.972389e+01,5.909786e+01,5.591661e+01,5.482022e+01
9.870877e+01,5.852654e+01,5.603081e+01,5.493219e+01
9.810970e+01,5.795464e+01,5.622849e+01,5.512597e+01
9.782942e+01,5.606238e+01,5.566380e+01,5.457243e+01
9.689848e+01,5.579846e+01,5.585585e+01,5.476066e+01
9.634756e+01,5.390483e+01,5.632688e+01,5.522246e+01
9.569112e+01,5.233033e+01,5.616971e+01,5.506838e+01
9.588662e+01,5.110025e+01,5.569771e+01,5.460562e+01
9.504751e+01,4.957460e+01,5.613049e+01,5.502989e+01
9.386092e+01,4.886159e+01,5.582356e+01,5.472898e+01
9.304601e+01,4.867297e+01,5.486943e+01,5.379359e+01
9.222438e+01,4.871446e+01,5.452673e+01,5.345762e+01
9.081883e+01,4.824371e+01,5.520774e+01,5.412523e+01
8.909627e+01,4.786912e+01,5.516081e+01,5.407923e+01
8.702553e+01,4.852100e+01,5.486445e+01,5.378870e+01
8.525383e+01,4.853072e+01,5.442920e+01,5.336197e+01
8.315547e+01,4.868772e+01,5.467097e+01,5.359901e+01
8.155806e+01,4.796909e+01,5.385312e+01,5.279723e+01
7.968936e+01,4.671278e+01,5.467972e+01,5.360760e+01
7.808312e+01,4.637189e+01,5.490288e+01,5.382641e+01
7.690862e+01,4.442083e+01,5.459885e+01,5.352830e+01
7.519224e+01,4.340631e+01,5.495108e+01,5.387361e+01
7.357030e+01,4.102225e+01,5.493250e+01,5.385539e+01
7.221996e+01,3.969161e+01,5.463982e+01,5.356845e+01
7.085141e+01,3.743759e+01,5.547349e+01,5.438578e+01
6.948437e+01,3.628913e+01,5.515943e+01,5.407789e+01
6.831031e+01,3.505793e+01,5.469293e+01,5.362053e+01
6.690122e+01,3.296444e+01,5.487993e+01,5.380389e+01
6.481153e+01,3.250597e+01,5.525092e+01,5.416757e+01
6.442053e+01,3.144243e+01,5.520404e+01,5.412162e+01
6.348984e+01,3.180116e+01,5.511960e+01,5.403883e+01
6.279497e+01,3.126471e+01,5.536057e+01,5.427508e+01
6.362593e+01,3.239375e+01,5.536674e+01,5.428116e+01
6.495698e+01,3.405252e+01,5.373456e+01,5.268094e+01
6.397398e+01,3.452572e+01,5.484473e+01,5.376937e+01
6.448825e+01,3.640956e+01,5.548339e+01,5.439557e+01
6.427433e+01,3.792016e+01,5.656318e+01,5.545410e+01
6.683302e+01,4.204707e+01,5.385390e+01,5.279794e+01
6.821279e+01,4.491683e+01,5.342763e+01,5.238003e+01
6.915868e+01,4.618366e+01,5.507527e+01,5.399542e+01
7.177279e+01,4.899823e+01,5.334066e+01,5.229481e+01
7.222054e+01,5.093415e+01,5.426559e+01,5.320158e+01
7.423670e+01,5.382316e+01,5.324989e+01,5.220578e+01
7.567288e+01,5.419062e+01,5.295928e+01,5.192086e+01
7.570696e+01,5.608484e+01,5.448324e+01,5.341500e+01
7.731521e+01,5.770807e+01,5.410652e+01,5.304565e+01
7.961869e+01,5.852761e+01,5.329380e+01,5.224924e+01
8.196399e+01,5.869026e+01,5.293962e+01,5.190205e+01
8.397880e+01,5.779456e+01,5.293556e+01,5.189804e+01
8.631703e+01,5.787159e+01,5.268772e+01,5.165520e+01
8.834430e+01,5.631305e+01,5.370188e+01,5.264896e+01
9.007863e+01,5.425208e+01,5.433520e+01,5.326988e+01
9.338471e+01,5.333816e+01,5.322014e+01,5.217722e+01
9.497674e+01,5.146174e+01,5.368940e+01,5.263682e+01
9.792200e+01,4.958023e+01,5.353027e+01,5.248112e+01
1.009033e+02,4.931351e+01,5.226461e+01,5.124000e+01
1.036142e+02,4.737424e+01,5.225150e+01,5.122717e+01
1.062735e+02,4.532174e+01,5.194372e+01,5.092529e+01
1.098764e+02,4.382924e+01,5.151771e+01,5.050772e+01
1.114169e+02,4.149059e+01,5.255776e+01,5.152725e+01
1.139515e+02,4.055001e+01,5.222593e+01,5.120201e+01
1.164875e+02,4.023059e+01,5.193977e+01,5.092143e+01
1.188867e+02,3.817734e+01,5.200957e+01,5.098977e+01
1.211597e+02,3.798569e+01,5.132236e+01,5.031612e+01
1.230916e+02,3.736012e+01,5.172518e+01,5.071103e+01
1.252972e+02,3.613174e+01,5.223541e+01,5.121127e+01
1.277899e+02,3.599032e+01,5.095681e+01,4.995775e+01
1.303542e+02,3.563096e+01,5.024102e+01,4.925598e+01
1.329044e+02,3.643395e+01,4.960396e+01,4.863142e+01
1.349531e+02,3.556212e+01,4.983243e+01,4.885539e+01
1.375918e+02,3.565095e+01,4.996731e+01,4.898763e+01
1.398911e+02,3.531753e+01,5.068883e+01,4.969516e+01
1.426103e+02,3.495905e+01,5.002683e+01,4.904598e+01
1.440671e+02,3.502816e+01,4.998803e+01,4.900798e+01
1.468044e+02,3.402017e+01,4.948484e+01,4.851465e+01
1.489020e+02,3.569617e+01,4.862919e+01,4.767571e+01
1.504647e+02,3.546935e+01,4.855376e+01,4.760179e+01
1.530796e+02,3.533485e+01,4.858618e+01,4.763352e+01
1.532150e+02,3.680789e+01,4.824127e+01,4.729547e+01
1.563303e+02,3.703156e+01,4.797291e+01,4.703239e+01
1.579804e+02,3.732633e+01,4.893558e+01,4.797633e+01
1.592076e+02,3.756052e+01,4.928327e+01,4.831697e+01
1.604571e+02,3.950732e+01,4.871305e+01,4.775791e+01
1.613702e+02,4.039432e+01,4.795779e+01,4.701745e+01
1.619755e+02,4.168646e+01,4.903875e+01,4.807734e+01
1.630835e+02,4.387287e+01,4.783419e+01,4.689674e+01
1.643159e+02,4.557821e+01,4.908056e+01,4.811826e+01
1.661415e+02,4.736552e+01,4.844613e+01,4.749622e+01
1.674545e+02,4.985709e+01,4.882001e+01,4.786296e+01
1.688208e+02,5.035118e+01,4.978605e+01,4.881026e+01
1.696424e+02,5.214083e+01,4.955263e+01,4.858102e+01
1.708658e+02,5.488373e+01,4.881269e+01,4.785560e+01
1.712366e+02,5.645829e+01,4.907806e+01,4.811575e+01
1.724949e+02,5.883541e+01,4.739156e+01,4.646252e+01
1.724123e+02,6.036207e+01,4.898270e+01,4.802236e+01
1.739049e+02,6.119070e+01,4.789343e+01,4.695450e+01
1.742045e+02,6.313375e+01,4.784789e+01,4.690983e+01
1.734522e+02,6.281831e+01,4.882194e+01,4.786514e+01
1.720860e+02,6.422439e+01,4.864493e+01,4.769118e+01
1.703935e+02,6.403684e+01,4.977228e+01,4.879653e+01
1.701351e+02,6.483045e+01,4.903612e+01,4.807499e+01
1.676799e+02,6.396109e+01,5.012759e+01,4.914493e+01
1.660286e+02,6.328317e+01,5.010336e+01,4.912110e+01
1.648971e+02,6.259221e+01,4.994246e+01,4.896338e+01
1.630947e+02,6.066482e+01,5.022532e+01,4.924067e+01
1.632889e+02,6.043607e+01,4.824089e+01,4.729568e+01
1.622239e+02,5.938892e+01,4.887026e+01,4.791237e+01
1.603440e+02,5.833686e+01,5.079618e+01,4.980037e+01
1.597536e+02,5.923461e+01,4.891238e+01,4.795366e+01
1.572730e+02,5.750203e+01,5.129053e+01,5.028493e+01
1.547848e+02,5.796419e+01,5.117880e+01,5.017540e+01
1.517819e+02,5.928127e+01,5.141810e+01,5.041001e+01
1.485103e+02,6.012145e+01,5.213675e+01,5.111452e+01
1.462960e+02,6.209810e+01,5.152412e+01,5.051395e+01
1.430168e+02,6.237233e+01,5.150735e+01,5.049749e+01
1.397973e+02,6.534028e+01,5.008684e+01,4.910491e+01
1.335535e+02,6.641165e+01,5.127730e+01,5.027211e+01
1.303956e+02,6.821581e+01,4.977531e+01,4.879956e+01
1.262848e+02,6.968272e+01,5.157385e+01,5.056283e+01
1.216523e+02,7.044287e+01,5.154528e+01,5.053475e+01
1.172918e+02,7.166764e+01,5.272539e+01,5.169169e+01
1.127897e+02,7.255388e+01,5.420454e+01,5.314177e+01
1.093851e+02,7.333445e+01,5.301481e+01,5.197540e+01
1.060548e+02,7.379127e+01,5.260188e+01,5.157062e+01
1.033541e+02,7.518890e+01,5.277802e+01,5.174322e+01
1.009459e+02,7.452115e+01,5.355946e+01,5.250942e+01
9.842354e+01,7.736887e+01,5.225324e+01,5.122886e+01
9.662673e+01,7.797891e+01,5.241805e+01,5.139054e+01
9.332268e+01,8.087199e+01,5.226493e+01,5.124023e+01
9.121997e+01,8.206656e+01,5.239604e+01,5.136883e+01
8.878784e+01,8.303766e+01,5.240652e+01,5.137904e+01
8.639932e+01,8.360882e+01,5.277418e+01,5.173959e+01
8.541406e+01,8.412552e+01,5.180804e+01,5.079237e+01
8.357495e+01,8.387675e+01,5.246852e+01,5.143988e+01
8.362730e+01,8.421700e+01,5.225288e+01,5.122852e+01
8.358621e+01,8.525281e+01,5.258279e+01,5.155191e+01
8.417841e+01,8.689233e+01,5.314329e+01,5.210148e+01
8.610979e+01,8.777180e+01,5.272313e+01,5.168951e+01
8.715221e+01,9.203327e+01,5.310882e+01,5.206769e+01
8.815132e+01,9.692491e+01,5.332676e+01,5.228155e+01
8.824495e+01,1.008212e+02,5.415411e+01,5.309260e+01
8.942202e+01,1.061916e+02,5.244570e+01,5.141759e+01
8.969684e+01,1.100519e+02,5.382958e+01,5.277440e+01
8.947545e+01,1.133442e+02,5.448467e+01,5.341685e+01
9.048590e+01,1.172526e+02,5.297453e+01,5.193632e+01
8.999843e+01,1.210983e+02,5.308574e+01,5.204491e+01
8.894484e+01,1.240706e+02,5.384037e+01,5.278494e+01
8.971136e+01,1.267602e+02,5.306070e+01,5.202034e+01
8.990599e+01,1.290752e+02,5.466532e+01,5.359358e+01
9.179038e+01,1.329645e+02,5.251730e+01,5.148760e+01
9.009551e+01,1.350865e+02,5.456994e+01,5.350011e+01
8.932154e+01,1.373071e+02,5.442482e+01,5.335787e+01
9.143618e+01,1.385121e+02,5.241420e+01,5.138658e+01
9.126381e+01,1.372094e+02,5.309307e+01,5.205208e+01
9.219709e+01,1.347117e+02,5.204871e+01,5.102829e+01
9.127155e+01,1.307810e+02,5.317767e+01,5.213505e+01
9.115721e+01,1.258773e+02,5.257385e+01,5.154318e+01
9.047114e+01,1.201345e+02,5.462158e+01,5.355077e+01
8.992203e+01,1.150571e+02,5.288040e+01,5.184359e+01
8.829608e+01,1.082571e+02,5.330360e+01,5.225847e+01
8.794804e+01,1.017837e+02,5.441577e+01,5.334899e+01
8.642140e+01,9.598437e+01,5.470772e+01,5.363511e+01
8.710313e+01,9.150441e+01,5.373191e+01,5.267835e+01
8.611295e+01,8.705554e+01,5.467636e+01,5.360469e+01
8.658298e+01,8.341651e+01,5.383199e+01,5.277714e+01
8.608093e+01,7.879940e+01,5.470552e+01,5.363347e+01
8.599486e+01,7.682581e+01,5.478905e+01,5.371533e+01
8.708680e+01,7.457576e+01,5.468916e+01,5.361747e+01
8.921728e+01,7.335197e+01,5.366699e+01,5.261517e+01
9.144311e+01,7.159640e+01,5.473246e+01,5.365994e+01
9.476114e+01,7.100443e+01,5.505284e+01,5.397371e+01
9.784692e+01,7.004462e+01,5.526659e+01,5.418356e+01
1.007686e+02,6.936722e+01,5.517256e+01,5.409101e+01
1.055560e+02,6.902160e+01,5.540554e+01,5.431987e+01
1.095478e+02,6.992687e+01,5.445840e+01,5.339116e+01
1.130743e+02,7.042164e+01,5.351307e+01,5.246380e+01
1.165869e+02,6.978392e+01,5.493766e+01,5.386104e+01
1.192192e+02,7.166172e+01,5.422286e+01,5.316026e+01
1.215280e+02,7.082456e+01,5.585599e+01,5.476112e+01
1.239609e+02,7.151766e+01,5.495648e+01,5.387936e+01
1.259467e+02,7.212166e+01,5.477833e+01,5.370479e+01
1.274363e+02,7.136303e+01,5.518409e+01,5.410254e+01
1.289767e+02,7.225976e+01,5.429047e+01,5.322641e+01
1.284533e+02,7.103873e+01,5.509687e+01,5.401692e+01
1.271863e+02,7.028995e+01,5.568377e+01,5.459252e+01
1.267818e+02,7.080025e+01,5.457400e+01,5.350411e+01
1.247529e+02,7.091680e+01,5.451118e+01,5.344257e+01
1.223956e+02,7.112417e+01,5.449638e+01,5.342805e+01
1.201141e+02,7.132307e+01,5.501952e+01,5.394112e+01
1.164724e+02,7.132711e+01,5.464417e+01,5.357308e+01
1.138697e+02,7.315177e+01,5.398261e+01,5.292449e+01
1.103392e+02,7.297024e+01,5.503042e+01,5.395205e+01
1.080081e+02,7.308936e+01,5.443203e+01,5.336501e+01
1.049114e+02,7.310361e+01,5.490801e+01,5.383173e+01
1.017953e+02,7.421464e+01,5.493537e+01,5.385879e+01
9.901070e+01,7.471868e+01,5.496268e+01,5.388534e+01
9.607069e+01,7.513159e+01,5.520365e+01,5.412160e+01
9.363593e+01,7.742594e+01,5.485204e+01,5.377710e+01
9.099953e+01,7.794700e+01,5.504140e+01,5.396277e+01
8.862617e+01,7.994031e+01,5.467731e+01,5.360565e+01
8.538640e+01,8.115917e+01,5.504612e+01,5.396735e+01
8.380396e+01,8.262183e+01,5.478695e+01,5.371312e+01
8.170908e+01,8.319057e+01,5.507433e+01,5.399474e+01
8.067340e+01,8.492947e+01,5.450697e+01,5.343855e+01
7.908904e+01,8.650143e+01,5.526370e+01,5.418040e+01
7.824164e+01,8.851065e+01,5.536469e+01,5.427930e+01
7.796691e+01,9.133914e+01,5.497309e+01,5.389580e+01
7.901230e+01,9.509656e+01,5.344759e+01,5.239984e+01
7.854724e+01,9.837973e+01,5.411187e+01,5.305123e+01
7.862090e+01,1.017178e+02,5.446900e+01,5.340112e+01
7.882028e+01,1.053557e+02,5.471881e+01,5.364647e+01
7.972786e+01,1.105935e+02,5.404490e+01,5.298548e+01
8.036500e+01,1.141163e+02,5.512307e+01,5.404291e+01
8.102163e+01,1.163012e+02,5.342021e+01,5.237299e+01
8.297805e+01,1.169653e+02,5.563723e+01,5.454645e+01
7.939261e+01,1.191159e+02,5.539411e+01,5.430819e+01
8.038845e+01,1.195458e+02,5.527704e+01,5.419408e+01
8.502295e+01,1.238864e+02,5.633050e+01,5.522642e+01
8.647325e+01,1.276623e+02,5.312941e+01,5.208790e+01
8.720363e+01,1.302282e+02,5.372390e+01,5.267072e+01
8.757566e+01,1.305029e+02,5.388303e+01,5.282671e+01
8.822315e+01,1.301212e+02,5.463377e+01,5.356278e+01
7.487032e+01,1.358077e+02,5.297628e+01,5.193790e+01
5.303285e+01,1.532460e+02,5.454851e+01,5.347939e+01
3.617714e+01,1.563627e+02,5.595936e+01,5.486241e+01
3.571116e+01,1.554633e+02,5.627921e+01,5.517611e+01
3.502540e+01,1.541363e+02,5.659711e+01,5.548825e+01
3.571583e+01,1.522624e+02,5.545176e+01,5.436482e+01
3.511295e+01,1.530953e+02,5.607928e+01,5.498000e+01
3.501348e+01,1.529840e+02,5.667035e+01,5.555942e+01
3.318810e+01,1.529778e+02,5.849311e+01,5.734624e+01
3.612871e+01,1.544496e+02,5.583675e+01,5.474202e+01
3.414893e+01,1.541752e+02,5.758571e+01,5.645719e+01
3.576132e+01,1.537312e+02,5.594337e+01,5.484756e+01
3.683469e+01,1.545896e+02,5.487743e+01,5.380159e+01
3.505595e+01,1.519554e+02,5.660017e+01,5.549128e+01
3.748630e+01,1.548000e+02,5.424733e+01,5.318417e+01
3.845920e+01,1.553631e+02,5.380964e+01,5.275472e+01
3.596787e+01,1.520567e+02,5.567723e+01,5.458620e+01
3.716101e+01,1.539938e+02,5.468434e+01,5.361269e+01
3.685996e+01,1.552909e+02,5.464964e+01,5.357858e+01
3.609238e+01,1.542468e+02,5.564205e+01,5.455131e+01
3.629266e+01,1.549824e+02,5.554634e+01,5.445748e+01
3.703796e+01,1.539142e+02,5.471369e+01,5.364146e+01
3.708719e+01,1.541788e+02,5.470662e+01,5.363445e+01
3.662902e+01,1.544788e+02,5.522402e+01,5.414166e+01
3.668787e+01,1.538414e+02,5.498394e+01,5.390653e+01
3.347983e+01,1.546925e+02,5.894489e+01,5.779020e+01
3.590434e+01,1.542288e+02,5.593068e+01,5.483433e+01
3.627221e+01,1.539517e+02,5.458203e+01,5.351268e+01
3.358028e+01,1.530426e+02,5.828247e+01,5.714013e+01
3.537019e+01,1.535022e+02,5.618060e+01,5.507981e+01
3.517870e+01,1.542082e+02,5.681744e+01,5.570390e+01
3.835329e+01,1.552523e+02,5.379703e+01,5.274349e+01
3.738782e+01,1.542414e+02,5.434186e+01,5.327759e+01
3.474480e+01,1.547889e+02,5.713889e+01,5.601908e+01
3.312602e+01,1.540686e+02,5.872747e+01,5.757629e+01
3.557244e+01,1.547385e+02,5.704518e+01,5.592757e+01
3.620698e+01,1.549506e+02,5.589680e+01,5.480124e+01
3.310462e+01,1.541648e+02,5.874157e+01,5.759040e+01
3.254002e+01,1.536944e+02,6.020446e+01,5.902523e+01
3.714749e+01,1.542257e+02,5.499699e+01,5.391894e+01
3.750405e+01,1.533201e+02,5.442956e+01,5.336308e+01
3.285489e+01,1.543500e+02,5.914282e+01,5.798433e+01
3.171073e+01,1.536420e+02,6.087381e+01,5.968072e+01
3.517882e+01,1.533067e+02,5.662143e+01,5.551165e+01
3.160035e+01,1.527547e+02,6.038147e+01,5.919893e+01
3.806408e+01,1.549880e+02,5.426288e+01,5.319955e+01
3.175889e+01,1.533103e+02,6.018938e+01,5.901008e+01
3.932238e+01,1.554940e+02,5.264856e+01,5.161670e+01
3.766823e+01,1.542899e+02,5.431672e+01,5.325213e+01
3.202531e+01,1.538391e+02,6.009305e+01,5.891563e+01
3.383654e+01,1.532945e+02,5.793942e+01,5.680402e+01
3.307893e+01,1.543585e+02,5.900664e+01,5.785051e+01
3.797991e+01,1.551223e+02,5.399558e+01,5.293722e+01
3.393257e+01,1.532890e+02,5.831866e+01,5.717562e+01
3.291564e+01,1.531980e+02,5.907672e+01,5.791917e+01
3.319894e+01,1.545624e+02,5.909968e+01,5.794210e+01
3.433064e+01,1.548615e+02,5.809459e+01,5.695619e+01
3.226063e+01,1.548366e+02,6.026324e+01,5.908218e+01
3.304799e+01,1.537447e+02,5.842473e+01,5.728018e+01
3.410900e+01,1.532200e+02,5.819622e+01,5.705556e+01
3.287580e+01,1.545093e+02,5.891939e+01,5.776493e+01
3.363844e+01,1.533188e+02,5.841630e+01,5.727146e+01
3.366018e+01,1.548451e+02,5.859268e+01,5.744412e+01
3.107714e+01,1.535213e+02,6.133283e+01,6.013122e+01
3.267424e+01,1.546835e+02,5.958961e+01,5.842223e+01
3.405224e+01,1.548378e+02,5.800728e+01,5.687078e+01
3.224382e+01,1.545898e+02,6.022414e+01,5.904427e+01
3.229677e+01,1.526432e+02,6.061481e+01,5.942735e+01
3.376637e+01,1.553736e+02,5.884183e+01,5.768863e+01
3.360870e+01,1.542603e+02,5.847139e+01,5.732588e+01
3.551849e+01,1.541005e+02,5.665683e+01,5.554631e+01
3.230547e+01,1.533607e+02,6.066880e+01,5.948019e+01
3.476547e+01,1.543441e+02,5.724112e+01,5.611897e+01
3.372324e+01,1.541409e+02,5.876531e+01,5.761422e+01
3.403969e+01,1.544855e+02,5.848453e+01,5.733879e+01
3.293767e+01,1.543229e+02,5.927608e+01,5.811473e+01
3.279267e+01,1.540054e+02,5.922002e+01,5.805985e+01
3.295577e+01,1.540568e+02,5.926725e+01,5.810658e+01
3.163045e+01,1.542313e+02,6.063312e+01,5.944593e+01
3.334808e+01,1.550063e+02,5.903966e+01,5.788285e+01
3.226600e+01,1.536333e+02,5.982038e+01,5.864862e+01
3.212346e+01,1.543458e+02,6.005716e+01,5.888013e+01
3.030398e+01,1.524638e+02,6.209996e+01,6.088364e+01
3.400586e+01,1.544147e+02,5.837119e+01,5.722686e+01
3.140423e+01,1.542048e+02,6.098866e+01,5.979565e+01
3.202144e+01,1.545202e+02,6.009848e+01,5.892073e+01
3.167843e+01,1.536483e+02,6.069643e+01,5.950680e+01
3.105362e+01,1.534996e+02,6.129187e+01,6.009171e+01
3.489745e+01,1.531654e+02,5.709261e+01,5.597323e+01
3.174938e+01,1.533087e+02,6.065336e+01,5.946475e+01
3.158672e+01,1.537622e+02,6.081169e+01,5.962120e+01
3.220225e+01,1.532221e+02,6.071136e+01,5.952118e+01
3.148873e+01,1.530412e+02,6.143114e+01,6.022900e+01
2.880354e+01,1.533918e+02,6.359551e+01,6.235119e+01
3.178401e+01,1.534529e+02,6.085280e+01,5.966042e+01
3.193107e+01,1.541721e+02,6.031033e+01,5.913069e+01
3.120781e+01,1.521128e+02,6.102248e+01,5.982841e+01
2.987254e+01,1.519434e+02,6.260794e+01,6.138297e+01
3.121563e+01,1.531485e+02,6.103557e+01,5.984063e+01
3.168682e+01,1.542312e+02,6.090662e+01,5.971583e+01
3.078448e+01,1.520122e+02,6.208891e+01,6.087157e+01
3.238316e+01,1.525297e+02,5.994696e+01,5.877392e+01
3.267325e+01,1.525088e+02,6.018150e+01,5.900258e+01
3.478342e+01,1.545362e+02,5.746645e+01,5.634017e+01
3.081445e+01,1.529568e+02,6.056733e+01,5.938302e+01
3.195945e+01,1.538707e+02,6.043422e+01,5.925235e+01
3.013628e+01,1.532643e+02,6.239432e+01,6.117312e+01
3.357651e+01,1.544024e+02,5.845138e+01,5.730635e+01
3.490669e+01,1.531295e+02,5.725302e+01,5.613085e+01
3.417216e+01,1.528471e+02,5.819081e+01,5.705054e+01
3.511018e+01,1.530398e+02,5.777323e+01,5.664095e+01
3.489455e+01,1.532545e+02,5.774106e+01,5.660986e+01
3.500670e+01,1.544125e+02,5.744579e+01,5.631975e+01
3.381264e+01,1.530459e+02,5.861363e+01,5.746460e+01
3.439642e+01,1.546583e+02,5.783184e+01,5.669858e+01
3.468695e+01,1.558345e+02,5.803865e+01,5.690108e+01
3.542906e+01,1.550070e+02,5.731554e+01,5.619214e+01
3.400614e+01,1.540551e+02,5.815857e+01,5.701951e+01
3.017817e+01,1.538861e+02,6.276957e+01,6.154013e+01
3.381471e+01,1.523813e+02,5.851169e+01,5.736804e+01
3.520467e+01,1.551018e+02,5.759660e+01,5.646857e+01
3.484324e+01,1.522949e+02,5.792823e+01,5.679348e+01
3.168017e+01,1.528342e+02,6.040707e+01,5.922672e+01
3.217758e+01,1.529318e+02,6.048967e+01,5.930662e+01
3.211850e+01,1.529598e+02,6.026716e+01,5.908674e+01
3.333025e+01,1.537010e+02,5.922712e+01,5.806592e+01
3.378993e+01,1.542018e+02,5.843102e+01,5.728590e+01
3.445628e+01,1.538018e+02,5.773703e+01,5.660528e+01
3.267769e+01,1.535980e+02,6.004316e+01,5.886701e+01
3.240251e+01,1.543374e+02,5.994174e+01,5.876818e+01
3.272287e+01,1.536981e+02,6.018030e+01,5.900189e+01
3.320299e+01,1.518174e+02,5.992324e+01,5.875218e+01
2.982127e+01,1.546785e+02,6.273720e+01,6.151086e+01
3.387933e+01,1.547817e+02,5.886237e+01,5.770831e+01
3.413528e+01,1.534737e+02,5.802716e+01,5.688991e+01
3.338064e+01,1.554336e+02,5.920266e+01,5.804224e+01
3.232015e+01,1.543607e+02,6.009411e+01,5.891602e+01
3.246553e+01,1.539767e+02,5.984023e+01,5.866827e+01
3.163444e+01,1.541033e+02,6.067471e+01,5.948648e+01
3.163063e+01,1.535871e+02,6.081941e+01,5.962868e+01
3.564566e+01,1.541058e+02,5.682622e+01,5.571271e+01
3.108451e+01,1.546523e+02,6.135492e+01,6.015368e+01
3.233250e+01,1.549481e+02,6.030144e+01,5.912096e+01
3.194376e+01,1.549380e+02,6.075377e+01,5.956428e+01
3.247954e+01,1.547924e+02,5.986022e+01,5.868670e+01
3.162129e+01,1.532031e+02,6.120662e+01,6.000685e+01
3.350285e+01,1.552148e+02,5.904797e+01,5.789140e+01
3.239305e+01,1.550858e+02,6.027240e+01,5.909194e+01
3.131022e+01,1.539005e+02,6.142955e+01,6.022526e+01
3.132197e+01,1.539265e+02,6.117170e+01,5.997264e+01
3.240994e+01,1.542377e+02,6.019351e+01,5.901453e+01
3.247175e+01,1.542637e+02,5.997628e+01,5.880028e+01
3.004980e+01,1.517494e+02,6.289473e+01,6.166207e+01
3.111846e+01,1.529105e+02,6.114618e+01,5.994864e+01
3.015494e+01,1.543785e+02,6.258343e+01,6.135634e+01
3.160774e+01,1.535276e+02,6.079255e+01,5.960069e+01
3.313088e+01,1.528187e+02,5.934880e+01,5.818517e+01
3.080474e+01,1.531981e+02,6.172911e+01,6.051936e+01
3.099856e+01,1.541726e+02,6.168733e+01,6.047909e+01
3.101791e+01,1.541589e+02,6.152228e+01,6.031743e+01
3.016955e+01,1.533737e+02,6.240889e+01,6.118684e+01
3.039617e+01,1.542440e+02,6.252843e+01,6.130281e+01
3.066251e+01,1.536757e+02,6.205921e+01,6.084283e+01
2.941712e+01,1.538413e+02,6.306055e+01,6.182435e+01
3.165879e+01,1.540765e+02,6.086143e+01,5.966947e+01
3.090090e+01,1.523864e+02,6.192147e+01,6.070797e+01
3.046574e+01,1.539150e+02,6.207574e+01,6.085883e+01
3.099883e+01,1.542806e+02,6.166671e+01,6.045812e+01
3.090132e+01,1.541723e+02,6.191389e+01,6.070032e+01
3.263769e+01,1.538485e+02,5.982825e+01,5.865589e+01
3.017357e+01,1.543979e+02,6.250130e+01,6.127662e+01
3.132151e+01,1.541218e+02,6.132602e+01,6.012500e+01
3.004920e+01,1.534200e+02,6.267164e+01,6.144358e+01
3.114595e+01,1.548387e+02,6.132293e+01,6.012197e+01
3.137884e+01,1.524022e+02,6.087205e+01,5.967962e+01
3.147971e+01,1.546675e+02,6.122441e+01,6.002507e+01
3.081520e+01,1.539450e+02,6.197130e+01,6.075737e+01
3.000663e+01,1.535255e+02,6.251637e+01,6.129170e+01
3.233879e+01,1.547230e+02,6.048130e+01,5.929620e+01
3.221682e+01,1.540718e+02,6.026753e+01,5.908705e+01
3.150423e+01,1.539028e+02,6.112078e+01,5.992284e+01
3.304863e+01,1.545896e+02,5.954259e+01,5.837585e+01
3.165873e+01,1.535977e+02,6.084464e+01,5.965296e+01
3.122080e+01,1.530909e+02,6.098781e+01,5.979350e+01
3.157535e+01,1.535068e+02,6.076311e+01,5.957254e+01
3.194233e+01,1.536645e+02,6.058220e+01,5.939594e+01
3.156481e+01,1.530653e+02,6.116382e+01,5.996617e+01
3.141607e+01,1.540465e+02,6.091040e+01,5.971692e+01
3.172555e+01,1.525203e+02,6.040269e+01,5.921907e+01
3.212772e+01,1.531793e+02,6.058522e+01,5.939779e+01
3.030156e+01,1.531559e+02,6.196396e+01,6.075089e+01
3.127914e+01,1.534073e+02,6.135019e+01,6.014855e+01
3.189143e+01,1.527861e+02,6.098187e+01,5.978723e+01
2.980710e+01,1.537024e+02,6.250438e+01,6.127990e+01
3.180013e+01,1.535619e+02,6.088655e+01,5.969400e+01
3.181302e+01,1.533387e+02,6.089195e+01,5.969973e+01
3.042602e+01,1.540916e+02,6.168389e+01,6.047584e+01
3.033073e+01,1.526644e+02,6.236059e+01,6.113922e+01
3.136939e+01,1.532428e+02,6.114106e+01,5.994300e+01
3.203731e+01,1.529904e+02,6.088818e+01,5.969539e+01
3.192725e+01,1.528473e+02,6.194955e+01,6.073610e+01
3.050477e+01,1.531997e+02,6.194511e+01,6.073212e+01
3.020656e+01,1.531010e+02,6.258444e+01,6.136008e+01
3.107664e+01,1.534458e+02,6.141613e+01,6.021353e+01
3.077623e+01,1.539599e+02,6.194009e+01,6.072651e+01
3.005404e+01,1.531330e+02,6.234570e+01,6.112636e+01
3.295112e+01,1.552824e+02,5.999102e+01,5.881547e+01
2.993149e+01,1.535736e+02,6.286450e+01,6.163478e+01
3.125341e+01,1.550933e+02,6.162530e+01,6.041816e+01
3.258952e+01,1.525294e+02,6.024214e+01,5.906164e+01
3.133468e+01,1.529474e+02,6.136788e+01,6.016548e+01
3.110933e+01,1.531138e+02,6.169914e+01,6.049138e+01
2.939699e+01,1.510303e+02,6.353549e+01,6.228988e+01
3.012940e+01,1.521095e+02,6.233496e+01,6.111645e+01
2.908275e+01,1.529312e+02,6.349478e+01,6.225333e+01
3.086247e+01,1.538682e+02,6.183792e+01,6.062612e+01
2.935827e+01,1.521206e+02,6.290834e+01,6.167851e+01
3.005692e+01,1.535177e+02,6.267848e+01,6.145248e+01
2.957718e+01,1.530277e+02,6.298971e+01,6.175851e+01
3.027519e+01,1.527902e+02,6.302096e+01,6.178959e+01
3.021892e+01,1.540222e+02,6.247566e+01,6.125440e+01
2.965326e+01,1.536163e+02,6.372806e+01,6.248072e+01
2.971942e+01,1.533314e+02,6.291394e+01,6.168431e+01
3.007478e+01,1.536787e+02,6.252578e+01,6.130387e+01
3.040048e+01,1.545055e+02,6.217315e+01,6.095832e+01
3.077781e+01,1.535672e+02,6.132638e+01,6.012468e+01
2.870432e+01,1.533225e+02,6.391295e+01,6.266230e+01
3.105997e+01,1.543528e+02,6.133254e+01,6.013049e+01
3.063159e+01,1.544071e+02,6.201099e+01,6.079843e+01
2.906345e+01,1.549108e+02,6.331166e+01,6.207353e+01
3.070026e+01,1.553440e+02,6.188066e+01,6.067003e+01
2.997002e+01,1.531112e+02,6.291657e+01,6.168631e+01
3.158865e+01,1.543132e+02,6.109453e+01,5.989759e+01
2.868510e+01,1.514657e+02,6.390032e+01,6.265084e+01
2.967381e+01,1.528648e+02,6.289684e+01,6.166637e+01
2.809044e+01,1.535025e+02,6.473644e+01,6.347010e+01
3.222181e+01,1.533360e+02,6.047494e+01,5.929185e+01
2.902883e+01,1.520233e+02,6.410863e+01,6.285528e+01
3.155088e+01,1.528962e+02,6.096066e+01,5.976818e+01
3.179678e+01,1.529892e+02,6.080380e+01,5.961444e+01
3.133087e+01,1.532542e+02,6.165079e+01,6.044673e+01
2.892467e+01,1.535584e+02,6.398522e+01,6.273349e+01
3.048483e+01,1.524993e+02,6.194472e+01,6.073234e+01
2.999824e+01,1.521323e+02,6.260575e+01,6.138189e+01
2.769017e+01,1.523758e+02,6.492561e+01,6.365619e+01
2.910110e+01,1.534815e+02,6.336895e+01,6.212917e+01
3.020196e+01,1.537398e+02,6.224185e+01,6.102425e+01
3.074888e+01,1.553755e+02,6.189949e+01,6.068959e+01
2.885920e+01,1.532072e+02,6.386874e+01,6.261944e+01
2.811789e+01,1.526233e+02,6.454512e+01,6.328312e+01
2.867702e+01,1.531118e+02,6.406788e+01,6.281535e+01
3.222977e+01,1.541944e+02,6.040059e+01,5.921892e+01
3.096805e+01,1.527233e+02,6.155448e+01,6.034951e+01
2.966787e+01,1.531293e+02,6.319563e+01,6.196001e+01
2.787256e+01,1.525274e+02,6.502445e+01,6.375330e+01
2.801155e+01,1.530880e+02,6.454804e+01,6.328566e+01
2.839656e+01,1.526816e+02,6.418835e+01,6.293333e+01
3.265915e+01,1.537640e+02,6.001653e+01,5.884266e+01
2.974906e+01,1.529582e+02,6.273500e+01,6.150757e+01
3.263168e+01,1.539458e+02,6.002707e+01,5.885222e+01
3.027721e+01,1.545284e+02,6.224542e+01,6.102875e+01
2.930923e+01,1.547376e+02,6.349149e+01,6.225033e+01
3.227666e+01,1.534275e+02,6.040639e+01,5.922535e+01
3.013577e+01,1.512518e+02,6.242852e+01,6.120739e+01
3.261333e+01,1.545532e+02,6.012340e+01,5.894790e+01
2.943630e+01,1.542395e+02,6.315852e+01,6.192372e+01
2.631748e+01,1.534754e+02,6.633075e+01,6.503374e+01
3.218622e+01,1.553572e+02,6.065202e+01,5.946640e+01
3.023457e+01,1.526308e+02,6.329776e+01,6.206164e+01
3.323973e+01,1.544644e+02,5.923509e+01,5.807666e+01
2.881362e+01,1.534852e+02,6.369176e+01,6.244825e+01
3.106401e+01,1.533535e+02,6.179819e+01,6.058834e+01
3.136230e+01,1.523304e+02,6.166542e+01,6.045782e+01
2.807192e+01,1.521875e+02,6.491462e+01,6.364511e+01
3.139280e+01,1.546686e+02,6.139058e+01,6.019101e+01
3.054237e+01,1.538154e+02,6.193621e+01,6.072382e+01
2.699565e+01,1.521591e+02,6.678888e+01,6.548236e+01
2.890873e+01,1.532157e+02,6.263052e+01,6.140442e+01
3.162256e+01,1.543854e+02,6.097587e+01,5.978204e+01
2.961472e+01,1.539648e+02,6.327651e+01,6.203756e+01
2.981208e+01,1.532607e+02,6.230201e+01,6.108311e+01
2.956766e+01,1.539778e+02,6.300302e+01,6.176961e+01
2.891740e+01,1.526816e+02,6.496948e+01,6.369738e+01
2.963063e+01,1.539931e+02,6.280308e+01,6.157318e+01
2.995182e+01,1.533113e+02,6.286062e+01,6.162957e+01
3.119458e+01,1.525685e+02,6.255362e+01,6.133040e+01
3.062745e+01,1.534180e+02,6.178295e+01,6.057366e+01
3.051128e+01,1.526084e+02,6.188521e+01,6.067569e+01
3.045443e+01,1.537997e+02,6.236039e+01,6.114256e+01
3.060645e+01,1.530927e+02,6.212682e+01,6.091263e+01
3.058844e+01,1.532064e+02,6.200486e+01,6.079077e+01
3.047270e+01,1.544279e+02,6.256369e+01,6.134230e+01
3.173340e+01,1.546524e+02,6.086759e+01,5.967538e+01
3.202855e+01,1.529477e+02,6.052323e+01,5.933844e+01
3.229820e+01,1.555037e+02,6.048425e+01,5.929930e+01
2.967054e+01,1.513916e+02,6.299897e+01,6.176557e+01
3.085760e+01,1.534127e+02,6.191050e+01,6.069906e+01
3.103463e+01,1.539150e+02,6.151698e+01,6.031521e+01
3.174700e+01,1.542669e+02,6.109480e+01,5.989782e+01
3.165580e+01,1.533005e+02,6.115795e+01,5.995940e+01
3.150188e+01,1.532573e+02,6.119551e+01,5.999838e+01
3.161233e+01,1.539511e+02,6.108661e+01,5.989040e+01
3.286128e+01,1.522531e+02,5.937014e+01,5.820705e+01
3.201751e+01,1.535488e+02,6.073312e+01,5.954507e+01
3.238681e+01,1.535480e+02,6.039148e+01,5.921040e+01
3.130897e+01,1.529918e+02,6.130445e+01,6.010499e+01
3.139554e+01,1.523114e+02,6.154734e+01,6.034150e+01
3.122209e+01,1.534483e+02,6.111756e+01,5.992016e+01
3.169111e+01,1.528081e+02,6.159484e+01,6.038864e+01
3.158970e+01,1.528302e+02,6.125890e+01,6.006037e+01
3.139006e+01,1.524122e+02,6.087856e+01,5.968551e+01
3.361780e+01,1.545406e+02,5.924742e+01,5.808692e+01
3.069158e+01,1.541268e+02,6.193832e+01,6.072601e+01
3.105485e+01,1.525419e+02,6.132796e+01,6.012995e+01
3.202098e+01,1.524713e+02,6.075344e+01,5.956372e+01
3.242082e+01,1.527833e+02,6.019250e+01,5.901318e+01
3.094677e+01,1.529165e+02,6.172322e+01,6.051686e+01
3.044292e+01,1.533291e+02,6.208973e+01,6.087406e+01
3.148074e+01,1.535875e+02,6.141027e+01,6.021121e+01
3.150351e+01,1.539503e+02,6.094884e+01,5.975938e+01
3.048911e+01,1.532190e+02,6.234024e+01,6.112006e+01
3.109471e+01,1.526593e+02,6.152170e+01,6.032022e+01
3.139444e+01,1.534346e+02,6.147918e+01,6.027820e+01
3.091611e+01,1.538914e+02,6.188448e+01,6.067595e+01
3.257882e+01,1.547486e+02,5.996673e+01,5.879163e+01
3.087085e+01,1.531693e+02,6.195589e+01,6.074773e+01
3.171350e+01,1.527450e+02,6.119881e+01,5.999992e+01
2.972210e+01,1.516543e+02,6.305652e+01,6.182678e+01
2.912820e+01,1.524460e+02,6.358175e+01,6.234225e+01
3.067321e+01,1.530687e+02,6.222965e+01,6.101509e+01
3.366710e+01,1.540212e+02,5.885140e+01,5.769808e+01
3.123983e+01,1.533134e+02,6.144842e+01,6.025028e+01
2.977903e+01,1.520862e+02,6.319463e+01,6.196092e+01
3.068652e+01,1.527290e+02,6.240910e+01,6.118789e+01
3.109789e+01,1.527765e+02,6.183003e+01,6.062289e+01
3.042970e+01,1.536617e+02,6.208400e+01,6.086875e+01
3.146562e+01,1.527065e+02,6.126876e+01,6.007248e+01
2.823030e+01,1.515793e+02,6.375578e+01,6.251144e+01
3.088767e+01,1.528297e+02,6.135926e+01,6.016249e+01
2.982695e+01,1.526817e+02,6.285858e+01,6.162907e+01
3.283133e+01,1.533879e+02,5.969004e+01,5.852002e+01
3.187388e+01,1.537328e+02,6.037924e+01,5.919979e+01
3.082489e+01,1.538097e+02,6.157642e+01,6.037428e+01
3.084444e+01,1.539852e+02,6.171312e+01,6.051078e+01
3.075978e+01,1.533872e+02,6.219813e+01,6.098518e+01
3.160039e+01,1.550270e+02,6.079105e+01,5.960714e+01
3.204010e+01,1.539655e+02,6.076700e+01,5.957741e+01
2.936657e+01,1.528191e+02,6.324139e+01,6.200772e+01
3.182762e+01,1.529935e+02,6.085828e+01,5.967015e+01
3.180744e+01,1.535323e+02,6.095313e+01,5.975973e+01
2.985412e+01,1.536917e+02,6.307221e+01,6.184343e+01
2.996222e+01,1.539485e+02,6.256018e+01,6.134018e+01
3.148139e+01,1.537477e+02,6.119211e+01,5.999394e+01
2.935601e+01,1.521317e+02,6.442023e+01,6.315876e+01
3.014853e+01,1.527653e+02,6.219191e+01,6.097505e+01
3.151840e+01,1.538606e+02,6.198054e+01,6.076684e+01
2.979189e+01,1.542498e+02,6.271000e+01,6.148226e+01
2.972777e+01,1.526753e+02,6.296811e+01,6.173951e+01
3.079780e+01,1.534334e+02,6.190865e+01,6.069862e+01
2.971930e+01,1.527198e+02,6.327530e+01,6.204019e+01
3.080089e+01,1.537995e+02,6.176585e+01,6.056258e+01
2.980718e+01,1.543895e+02,6.307484e+01,6.184029e+01
2.927060e+01,1.534403e+02,6.343218e+01,6.219073e+01
3.124545e+01,1.539504e+02,6.145303e+01,6.025526e+01
2.661877e+01,1.527734e+02,6.611522e+01,6.482241e+01
3.001450e+01,1.532650e+02,6.285611e+01,6.162822e+01
2.888324e+01,1.527662e+02,6.395014e+01,6.270006e+01
3.173829e+01,1.543864e+02,6.097888e+01,5.979166e+01
2.769878e+01,1.530020e+02,6.475016e+01,6.348705e+01
2.962847e+01,1.525178e+02,6.296214e+01,6.173377e+01
2.815374e+01,1.527557e+02,6.449739e+01,6.323619e+01
2.907750e+01,1.535669e+02,6.420941e+01,6.295683e+01
2.886245e+01,1.532870e+02,6.402067e+01,6.276723e+01
2.878575e+01,1.529654e+02,6.369867e+01,6.245152e+01
3.034463e+01,1.537440e+02,6.249729e+01,6.127835e+01
3.004958e+01,1.535761e+02,6.250744e+01,6.128898e+01
3.004338e+01,1.531116e+02,6.245842e+01,6.123936e+01
3.058685e+01,1.544953e+02,6.188906e+01,6.067772e+01
3.051031e+01,1.528469e+02,6.204503e+01,6.083405e+01
3.085869e+01,1.529053e+02,6.194877e+01,6.073640e+01
2.869381e+01,1.521723e+02,6.391991e+01,6.266855e+01
3.112669e+01,1.525431e+02,6.146851e+01,6.026929e+01
3.097712e+01,1.540964e+02,6.200097e+01,6.079204e+01
2.938321e+01,1.540970e+02,6.335208e+01,6.211190e+01
2.881384e+01,1.536595e+02,6.362578e+01,6.237976e+01
2.932307e+01,1.526064e+02,6.323037e+01,6.199339e+01
3.138907e+01,1.524048e+02,6.274109e+01,6.151632e+01
2.872240e+01,1.523715e+02,6.380213e+01,6.255520e+01
3.090480e+01,1.535813e+02,6.144621e+01,6.024792e+01
3.024512e+01,1.543915e+02,6.263465e+01,6.140946e+01
3.118460e+01,1.536864e+02,6.161909e+01,6.041895e+01
2.975621e+01,1.527005e+02,6.278453e+01,6.156048e+01
2.963832e+01,1.521660e+02,6.317089e+01,6.193877e+01
3.053130e+01,1.522872e+02,6.142047e+01,6.022077e+01
3.041676e+01,1.532828e+02,6.269598e+01,6.146905e+01
2.891798e+01,1.530003e+02,6.363939e+01,6.239652e+01
3.101680e+01,1.527987e+02,6.191787e+01,6.070906e+01
2.900958e+01,1.529699e+02,6.368085e+01,6.244047e+01
3.021879e+01,1.537504e+02,6.233978e+01,6.112249e+01
3.089715e+01,1.527140e+02,6.192539e+01,6.071602e+01
2.943466e+01,1.531189e+02,6.336963e+01,6.213564e+01
2.893647e+01,1.540991e+02,6.388220e+01,6.263175e+01
3.156024e+01,1.534148e+02,6.125044e+01,6.005468e+01
3.139890e+01,1.532641e+02,6.149380e+01,6.029755e+01
2.868960e+01,1.541950e+02,6.404487e+01,6.279101e+01
3.117193e+01,1.543507e+02,6.131454e+01,6.011832e+01
3.055489e+01,1.528556e+02,6.197605e+01,6.076621e+01
2.906330e+01,1.528069e+02,6.361125e+01,6.236575e+01
3.041768e+01,1.537579e+02,6.271549e+01,6.148809e+01
3.057765e+01,1.530929e+02,6.223278e+01,6.102070e+01
2.533478e+01,1.522057e+02,6.796086e+01,6.663145e+01
3.050727e+01,1.524741e+02,6.235846e+01,6.113996e+01
3.081542e+01,1.529604e+02,6.171052e+01,6.050566e+01
2.907451e+01,1.531353e+02,6.342330e+01,6.218902e+01
2.947776e+01,1.528166e+02,6.315010e+01,6.191337e+01
2.925069e+01,1.532477e+02,6.371182e+01,6.247375e+01
2.744197e+01,1.535431e+02,6.553015e+01,6.424685e+01
2.815493e+01,1.541779e+02,6.543669e+01,6.415521e+01
3.065826e+01,1.532087e+02,6.192761e+01,6.071885e+01
3.173029e+01,1.528124e+02,6.085922e+01,5.967211e+01
3.206295e+01,1.537289e+02,6.060679e+01,5.942244e+01
2.709533e+01,1.524432e+02,6.545577e+01,6.417473e+01
3.207193e+01,1.536424e+02,6.036119e+01,5.918645e+01
2.984761e+01,1.528117e+02,6.268515e+01,6.146253e+01
3.211893e+01,1.533306e+02,6.031783e+01,5.914389e+01
