57,167,190,148
5.964852e+01,1.662693e+02,1.900028e+02,1.480022e+02
6.196455e+01,1.654279e+02,1.904452e+02,1.483471e+02
6.550141e+01,1.650124e+02,1.904861e+02,1.483787e+02
6.818375e+01,1.652904e+02,1.902757e+02,1.482153e+02
7.067360e+01,1.655598e+02,1.910125e+02,1.487890e+02
7.608259e+01,1.668215e+02,1.889142e+02,1.471545e+02
7.849857e+01,1.692721e+02,1.883938e+02,1.467492e+02
8.097007e+01,1.718433e+02,1.897825e+02,1.478310e+02
8.482237e+01,1.742599e+02,1.885922e+02,1.469037e+02
8.735806e+01,1.760480e+02,1.910365e+02,1.488091e+02
9.041690e+01,1.795261e+02,1.913451e+02,1.490491e+02
9.521713e+01,1.810601e+02,1.918140e+02,1.494148e+02
9.693612e+01,1.806719e+02,1.928475e+02,1.502181e+02
1.013311e+02,1.813037e+02,1.947060e+02,1.516659e+02
1.096079e+02,1.834202e+02,1.924876e+02,1.499383e+02
1.145615e+02,1.834787e+02,1.944027e+02,1.514297e+02
1.176171e+02,1.819445e+02,1.957838e+02,1.525053e+02
1.265062e+02,1.826920e+02,1.945227e+02,1.515230e+02
1.317719e+02,1.794692e+02,1.961104e+02,1.527600e+02
1.405597e+02,1.779595e+02,1.968603e+02,1.533438e+02
1.484309e+02,1.745244e+02,1.970769e+02,1.535128e+02
1.582359e+02,1.739899e+02,1.953964e+02,1.522040e+02
1.666327e+02,1.720207e+02,1.967044e+02,1.532237e+02
1.739193e+02,1.714587e+02,1.969162e+02,1.533877e+02
1.856852e+02,1.745298e+02,1.916402e+02,1.492836e+02
1.943954e+02,1.729389e+02,1.872342e+02,1.458483e+02
2.030477e+02,1.696260e+02,1.858238e+02,1.447495e+02
2.111785e+02,1.641811e+02,1.921782e+02,1.496967e+02
2.175214e+02,1.668946e+02,1.874900e+02,1.460566e+02
2.190219e+02,1.626680e+02,1.951172e+02,1.519864e+02
2.288624e+02,1.573476e+02,1.942224e+02,1.512896e+02
2.322810e+02,1.572722e+02,1.947268e+02,1.516830e+02
2.369914e+02,1.532047e+02,1.934790e+02,1.507140e+02
2.425464e+02,1.485237e+02,1.937775e+02,1.509498e+02
2.448653e+02,1.455760e+02,1.957799e+02,1.525063e+02
2.462553e+02,1.403328e+02,1.969354e+02,1.534026e+02
2.551820e+02,1.366086e+02,1.917553e+02,1.493680e+02
2.543087e+02,1.302235e+02,1.969341e+02,1.534013e+02
2.620865e+02,1.297512e+02,1.898846e+02,1.479106e+02
2.630106e+02,1.259789e+02,1.895231e+02,1.476291e+02
2.627027e+02,1.216336e+02,1.913721e+02,1.490688e+02
2.634900e+02,1.209862e+02,1.912679e+02,1.489887e+02
2.643149e+02,1.173891e+02,1.902913e+02,1.482281e+02
2.617015e+02,1.193781e+02,1.920379e+02,1.495883e+02
2.615662e+02,1.195743e+02,1.929100e+02,1.502670e+02
2.623296e+02,1.190759e+02,1.905567e+02,1.484345e+02
2.604068e+02,1.179901e+02,1.922668e+02,1.497666e+02
2.630154e+02,1.198796e+02,1.898428e+02,1.478780e+02
2.627207e+02,1.206684e+02,1.900975e+02,1.480811e+02
2.642066e+02,1.188064e+02,1.892287e+02,1.473992e+02
2.628239e+02,1.186795e+02,1.925276e+02,1.499736e+02
2.649498e+02,1.189015e+02,1.890307e+02,1.472450e+02
2.646868e+02,1.172366e+02,1.906172e+02,1.484808e+02
2.667085e+02,1.164646e+02,1.889040e+02,1.471463e+02
2.680877e+02,1.160433e+02,1.891913e+02,1.473707e+02
2.701716e+02,1.100639e+02,1.878701e+02,1.463414e+02
2.731769e+02,1.090948e+02,1.878068e+02,1.462916e+02
2.775447e+02,1.106219e+02,1.891822e+02,1.473632e+02
2.860101e+02,1.117778e+02,1.866476e+02,1.453887e+02
2.883647e+02,1.095252e+02,1.907791e+02,1.486093e+02
2.947816e+02,1.110477e+02,1.899883e+02,1.479966e+02
3.018793e+02,1.110225e+02,1.904496e+02,1.483528e+02
3.122497e+02,1.133365e+02,1.850092e+02,1.441125e+02
3.186247e+02,1.075078e+02,1.927806e+02,1.501677e+02
3.300177e+02,1.096748e+02,1.874931e+02,1.460486e+02
3.417032e+02,1.108451e+02,1.881338e+02,1.465477e+02
3.488162e+02,1.075754e+02,1.918737e+02,1.494780e+02
3.592419e+02,1.079715e+02,1.915764e+02,1.492289e+02
3.663407e+02,1.069504e+02,1.941043e+02,1.511979e+02
3.796306e+02,1.056185e+02,1.926911e+02,1.500968e+02
3.888407e+02,1.041714e+02,1.937830e+02,1.509485e+02
4.000828e+02,1.083603e+02,1.902582e+02,1.482084e+02
4.066420e+02,1.075216e+02,1.923323e+02,1.498355e+02
4.136871e+02,1.083455e+02,1.917532e+02,1.493658e+02
4.206220e+02,1.078909e+02,1.935562e+02,1.507706e+02
4.251174e+02,1.083160e+02,1.939787e+02,1.511013e+02
4.308388e+02,1.101010e+02,1.945951e+02,1.515794e+02
4.370038e+02,1.123242e+02,1.924843e+02,1.499373e+02
4.421185e+02,1.155439e+02,1.884257e+02,1.467893e+02
4.438927e+02,1.184582e+02,1.882577e+02,1.466570e+02
4.442690e+02,1.167971e+02,1.904756e+02,1.483813e+02
4.432623e+02,1.177282e+02,1.914007e+02,1.490915e+02
4.460975e+02,1.216486e+02,1.861202e+02,1.449914e+02
4.430481e+02,1.198918e+02,1.881371e+02,1.465597e+02
4.442635e+02,1.220960e+02,1.853362e+02,1.443672e+02
4.424288e+02,1.215859e+02,1.859080e+02,1.448235e+02
4.416297e+02,1.241587e+02,1.829175e+02,1.424831e+02
4.362229e+02,1.237038e+02,1.842491e+02,1.435204e+02
4.352642e+02,1.215830e+02,1.850521e+02,1.441458e+02
4.330795e+02,1.213032e+02,1.836393e+02,1.430454e+02
4.291649e+02,1.199510e+02,1.839535e+02,1.432979e+02
4.275543e+02,1.185458e+02,1.862397e+02,1.450851e+02
4.252350e+02,1.192096e+02,1.844325e+02,1.436633e+02
4.259278e+02,1.184331e+02,1.836284e+02,1.430460e+02
4.255014e+02,1.191815e+02,1.831255e+02,1.426525e+02
4.268988e+02,1.194158e+02,1.818843e+02,1.416850e+02
4.274256e+02,1.204107e+02,1.820950e+02,1.418478e+02
4.274163e+02,1.182888e+02,1.843013e+02,1.435680e+02
4.291725e+02,1.198542e+02,1.843549e+02,1.436062e+02
4.293912e+02,1.187529e+02,1.873285e+02,1.459200e+02
4.325186e+02,1.188463e+02,1.871737e+02,1.458005e+02
4.367190e+02,1.200860e+02,1.875847e+02,1.461193e+02
4.386063e+02,1.190139e+02,1.893324e+02,1.474822e+02
4.436112e+02,1.216372e+02,1.892086e+02,1.473846e+02
4.446563e+02,1.211925e+02,1.917522e+02,1.493649e+02
4.496335e+02,1.229090e+02,1.892415e+02,1.474094e+02
4.564469e+02,1.255328e+02,1.869921e+02,1.456572e+02
4.513651e+02,1.240030e+02,1.922643e+02,1.497684e+02
4.661453e+02,1.343758e+02,1.817506e+02,1.415779e+02
4.637390e+02,1.339695e+02,1.865501e+02,1.453137e+02
4.681855e+02,1.383273e+02,1.822159e+02,1.419470e+02
4.715398e+02,1.425096e+02,1.793524e+02,1.397122e+02
4.735401e+02,1.440261e+02,1.789638e+02,1.394094e+02
4.695736e+02,1.420599e+02,1.828210e+02,1.424173e+02
4.735865e+02,1.480691e+02,1.772943e+02,1.381120e+02
4.717595e+02,1.447419e+02,1.822687e+02,1.419932e+02
4.712021e+02,1.468888e+02,1.801663e+02,1.403465e+02
4.719547e+02,1.469714e+02,1.804306e+02,1.405487e+02
4.697539e+02,1.470824e+02,1.802247e+02,1.403904e+02
4.673817e+02,1.487190e+02,1.810823e+02,1.410607e+02
4.668458e+02,1.468952e+02,1.813864e+02,1.412958e+02
4.643456e+02,1.454944e+02,1.830149e+02,1.425623e+02
4.628264e+02,1.446687e+02,1.816259e+02,1.414849e+02
4.603474e+02,1.423117e+02,1.814905e+02,1.413799e+02
4.604489e+02,1.414860e+02,1.822983e+02,1.420120e+02
4.581593e+02,1.398316e+02,1.814665e+02,1.413632e+02
4.548416e+02,1.365376e+02,1.878132e+02,1.463008e+02
4.564965e+02,1.342001e+02,1.862348e+02,1.450701e+02
4.589109e+02,1.313549e+02,1.846069e+02,1.438040e+02
4.626365e+02,1.325557e+02,1.795810e+02,1.398897e+02
4.634755e+02,1.295356e+02,1.824571e+02,1.421344e+02
4.644438e+02,1.300208e+02,1.809572e+02,1.409723e+02
4.626927e+02,1.308052e+02,1.831148e+02,1.426370e+02
4.636386e+02,1.306369e+02,1.839390e+02,1.432895e+02
4.681820e+02,1.335440e+02,1.821146e+02,1.418614e+02
4.707405e+02,1.340974e+02,1.815115e+02,1.413995e+02
4.732658e+02,1.345746e+02,1.815126e+02,1.413979e+02
4.759834e+02,1.367205e+02,1.798145e+02,1.400696e+02
4.769285e+02,1.367028e+02,1.822172e+02,1.419430e+02
4.776024e+02,1.364665e+02,1.826962e+02,1.423226e+02
4.773754e+02,1.364563e+02,1.835532e+02,1.429909e+02
4.770278e+02,1.358601e+02,1.860946e+02,1.449593e+02
4.777586e+02,1.384322e+02,1.847408e+02,1.439166e+02
4.783000e+02,1.431044e+02,1.812283e+02,1.411692e+02
4.754496e+02,1.442429e+02,1.828983e+02,1.424748e+02
4.737757e+02,1.475362e+02,1.818927e+02,1.417142e+02
4.694990e+02,1.486061e+02,1.830046e+02,1.425521e+02
4.622547e+02,1.526660e+02,1.855786e+02,1.445678e+02
4.614584e+02,1.539967e+02,1.812096e+02,1.411535e+02
4.559462e+02,1.559387e+02,1.800569e+02,1.402804e+02
4.489004e+02,1.562882e+02,1.810420e+02,1.410229e+02
4.422674e+02,1.556546e+02,1.809671e+02,1.409721e+02
4.370988e+02,1.555601e+02,1.802916e+02,1.404424e+02
4.265987e+02,1.549029e+02,1.815221e+02,1.414060e+02
4.207603e+02,1.524201e+02,1.821886e+02,1.419266e+02
4.137369e+02,1.522285e+02,1.817005e+02,1.415645e+02
4.096451e+02,1.512220e+02,1.803184e+02,1.404607e+02
4.006078e+02,1.488856e+02,1.820371e+02,1.418198e+02
3.935065e+02,1.434791e+02,1.834532e+02,1.429232e+02
3.904734e+02,1.422002e+02,1.822056e+02,1.419623e+02
3.862341e+02,1.398511e+02,1.820164e+02,1.418174e+02
3.797456e+02,1.370508e+02,1.861778e+02,1.450496e+02
3.778721e+02,1.357421e+02,1.821428e+02,1.419099e+02
3.726097e+02,1.345434e+02,1.861004e+02,1.450065e+02
3.725148e+02,1.336063e+02,1.844221e+02,1.436670e+02
3.719237e+02,1.347409e+02,1.815624e+02,1.414623e+02
3.692295e+02,1.339715e+02,1.852105e+02,1.443154e+02
3.685140e+02,1.339466e+02,1.843428e+02,1.435944e+02
3.687498e+02,1.324876e+02,1.831415e+02,1.426696e+02
3.672709e+02,1.324418e+02,1.815249e+02,1.414271e+02
3.641935e+02,1.328082e+02,1.823293e+02,1.420557e+02
3.634781e+02,1.330652e+02,1.820711e+02,1.418465e+02
3.606981e+02,1.327863e+02,1.813683e+02,1.412969e+02
3.586559e+02,1.321257e+02,1.810102e+02,1.410190e+02
3.556053e+02,1.297703e+02,1.775320e+02,1.382965e+02
3.537984e+02,1.302120e+02,1.781938e+02,1.388126e+02
3.492580e+02,1.291609e+02,1.774565e+02,1.382353e+02
3.453855e+02,1.285987e+02,1.771023e+02,1.379667e+02
3.425618e+02,1.278458e+02,1.767765e+02,1.377123e+02
3.366741e+02,1.251700e+02,1.792804e+02,1.396965e+02
3.330353e+02,1.283758e+02,1.767215e+02,1.376834e+02
3.263432e+02,1.274867e+02,1.768804e+02,1.378295e+02
3.204068e+02,1.259151e+02,1.810764e+02,1.410669e+02
3.152163e+02,1.273570e+02,1.795987e+02,1.399248e+02
3.114510e+02,1.282901e+02,1.774141e+02,1.382128e+02
3.062000e+02,1.282853e+02,1.764119e+02,1.374239e+02
3.010922e+02,1.280458e+02,1.782206e+02,1.388290e+02
2.963059e+02,1.313096e+02,1.760451e+02,1.371657e+02
2.966018e+02,1.337977e+02,1.739483e+02,1.355347e+02
2.949303e+02,1.340847e+02,1.744896e+02,1.359585e+02
2.916951e+02,1.379516e+02,1.762309e+02,1.373055e+02
2.939718e+02,1.367775e+02,1.720843e+02,1.340658e+02
2.920981e+02,1.357938e+02,1.766093e+02,1.375778e+02
2.968317e+02,1.431580e+02,1.712997e+02,1.334514e+02
2.957502e+02,1.481116e+02,1.724954e+02,1.343736e+02
2.960240e+02,1.504373e+02,1.711052e+02,1.333066e+02
2.961457e+02,1.501640e+02,1.732156e+02,1.349345e+02
3.002334e+02,1.545599e+02,1.713901e+02,1.335186e+02
2.990949e+02,1.540836e+02,1.745393e+02,1.359651e+02
2.985428e+02,1.548443e+02,1.728102e+02,1.346196e+02
2.984596e+02,1.564713e+02,1.716208e+02,1.336958e+02
3.011634e+02,1.579708e+02,1.690989e+02,1.317375e+02
2.984944e+02,1.587777e+02,1.720355e+02,1.340543e+02
2.945080e+02,1.572044e+02,1.743294e+02,1.358133e+02
2.961410e+02,1.593788e+02,1.730972e+02,1.348407e+02
2.950870e+02,1.610541e+02,1.731978e+02,1.349192e+02
2.948856e+02,1.603967e+02,1.723558e+02,1.342632e+02
2.941906e+02,1.596798e+02,1.740226e+02,1.355645e+02
2.954472e+02,1.607885e+02,1.724199e+02,1.343246e+02
2.958503e+02,1.599895e+02,1.731016e+02,1.348456e+02
2.984919e+02,1.607108e+02,1.702128e+02,1.325924e+02
2.980405e+02,1.603016e+02,1.710466e+02,1.332484e+02
2.981071e+02,1.603405e+02,1.717852e+02,1.338207e+02
2.965109e+02,1.550085e+02,1.760232e+02,1.371200e+02
2.973462e+02,1.531170e+02,1.772216e+02,1.380554e+02
2.990399e+02,1.500368e+02,1.757416e+02,1.368953e+02
3.016109e+02,1.462078e+02,1.761174e+02,1.371962e+02
3.033043e+02,1.438543e+02,1.767667e+02,1.376957e+02
3.061615e+02,1.397829e+02,1.766981e+02,1.376430e+02
3.087201e+02,1.385224e+02,1.758644e+02,1.369898e+02
3.104340e+02,1.356249e+02,1.768783e+02,1.377796e+02
3.158083e+02,1.350653e+02,1.748753e+02,1.362295e+02
3.172846e+02,1.321487e+02,1.760219e+02,1.371196e+02
3.199152e+02,1.287831e+02,1.780488e+02,1.387000e+02
3.227722e+02,1.266209e+02,1.757107e+02,1.368767e+02
3.247626e+02,1.227827e+02,1.762266e+02,1.372861e+02
3.274546e+02,1.189309e+02,1.758406e+02,1.369756e+02
3.330727e+02,1.118841e+02,1.726877e+02,1.345153e+02
3.336484e+02,1.036511e+02,1.756905e+02,1.368750e+02
3.341415e+02,9.709614e+01,1.754797e+02,1.367019e+02
3.338758e+02,9.061336e+01,1.754531e+02,1.366912e+02
3.347424e+02,8.593762e+01,1.752533e+02,1.365314e+02
3.344696e+02,8.018241e+01,1.763558e+02,1.373911e+02
3.330985e+02,7.308841e+01,1.763126e+02,1.373383e+02
3.313535e+02,6.737585e+01,1.751147e+02,1.364178e+02
3.274868e+02,6.264094e+01,1.784919e+02,1.390389e+02
3.233971e+02,5.732118e+01,1.777928e+02,1.384914e+02
3.224740e+02,5.444617e+01,1.752606e+02,1.365353e+02
3.179084e+02,5.035849e+01,1.743609e+02,1.358367e+02
3.132634e+02,4.687883e+01,1.724060e+02,1.343149e+02
3.078295e+02,4.507263e+01,1.741064e+02,1.356198e+02
2.999713e+02,4.290102e+01,1.733924e+02,1.350716e+02
2.925929e+02,4.140207e+01,1.739577e+02,1.355149e+02
2.857857e+02,3.898755e+01,1.778789e+02,1.385595e+02
2.806277e+02,3.718974e+01,1.773515e+02,1.381476e+02
2.773674e+02,3.658116e+01,1.711030e+02,1.332905e+02
2.654811e+02,3.449307e+01,1.757509e+02,1.369093e+02
2.613319e+02,3.266371e+01,1.725057e+02,1.343808e+02
2.558512e+02,3.107776e+01,1.726250e+02,1.344755e+02
2.485547e+02,2.758317e+01,1.728504e+02,1.346591e+02
2.423821e+02,2.644193e+01,1.706330e+02,1.329181e+02
2.375682e+02,2.764358e+01,1.728265e+02,1.346330e+02
2.321981e+02,2.831250e+01,1.705451e+02,1.328504e+02
2.285279e+02,2.733765e+01,1.721228e+02,1.340748e+02
2.298035e+02,2.901777e+01,1.664533e+02,1.296657e+02
2.275654e+02,3.142422e+01,1.701249e+02,1.325343e+02
2.215179e+02,3.345401e+01,1.724791e+02,1.343525e+02
2.205956e+02,3.331616e+01,1.725605e+02,1.344156e+02
2.219231e+02,3.470655e+01,1.701901e+02,1.325758e+02
2.208627e+02,3.688272e+01,1.721300e+02,1.340813e+02
2.210093e+02,3.623212e+01,1.720296e+02,1.340080e+02
2.253993e+02,3.878755e+01,1.706329e+02,1.329301e+02
2.261079e+02,4.023318e+01,1.715566e+02,1.336457e+02
2.279342e+02,4.245041e+01,1.721025e+02,1.340660e+02
2.264367e+02,3.916502e+01,1.735579e+02,1.351946e+02
2.277842e+02,3.882656e+01,1.724012e+02,1.343015e+02
2.396807e+02,4.352348e+01,1.683178e+02,1.311301e+02
2.409712e+02,4.632803e+01,1.691874e+02,1.317948e+02
2.411197e+02,4.660226e+01,1.705819e+02,1.328793e+02
2.428619e+02,4.666153e+01,1.680939e+02,1.309411e+02
2.435711e+02,4.573913e+01,1.676734e+02,1.306133e+02
2.430999e+02,4.676855e+01,1.684242e+02,1.311958e+02
2.414738e+02,4.584873e+01,1.697477e+02,1.322321e+02
2.432934e+02,4.456682e+01,1.680998e+02,1.309545e+02
2.421768e+02,4.362956e+01,1.686156e+02,1.313443e+02
2.418417e+02,4.113587e+01,1.697607e+02,1.322445e+02
2.417591e+02,4.186615e+01,1.706812e+02,1.329574e+02
2.422637e+02,4.129576e+01,1.691842e+02,1.317916e+02
2.424531e+02,3.939850e+01,1.696382e+02,1.321452e+02
2.423499e+02,3.856697e+01,1.711085e+02,1.332897e+02
2.425184e+02,3.791971e+01,1.703615e+02,1.327105e+02
2.424873e+02,3.430978e+01,1.729565e+02,1.347242e+02
2.444498e+02,3.585094e+01,1.720187e+02,1.340309e+02
2.452736e+02,3.171510e+01,1.747374e+02,1.361156e+02
2.550246e+02,3.421208e+01,1.690629e+02,1.316979e+02
2.597552e+02,3.218901e+01,1.658976e+02,1.292257e+02
2.599849e+02,3.334962e+01,1.704591e+02,1.327870e+02
2.625431e+02,3.283922e+01,1.697859e+02,1.322849e+02
2.630712e+02,2.857247e+01,1.749309e+02,1.362639e+02
2.620174e+02,2.860033e+01,1.811427e+02,1.411072e+02
2.654584e+02,2.927170e+01,1.814341e+02,1.413314e+02
2.689086e+02,2.900323e+01,1.828203e+02,1.424187e+02
2.801465e+02,3.242520e+01,1.745096e+02,1.359472e+02
2.761881e+02,3.313283e+01,1.824232e+02,1.421041e+02
2.774978e+02,3.192425e+01,1.847827e+02,1.439436e+02
2.901082e+02,3.787670e+01,1.723392e+02,1.342433e+02
2.852651e+02,3.915820e+01,1.834610e+02,1.429093e+02
2.887735e+02,3.998344e+01,1.832293e+02,1.427313e+02
2.975573e+02,4.576786e+01,1.726927e+02,1.345201e+02
2.978467e+02,4.882986e+01,1.787764e+02,1.392584e+02
3.046153e+02,5.521323e+01,1.714614e+02,1.335899e+02
3.021783e+02,5.585188e+01,1.761489e+02,1.372130e+02
3.023086e+02,5.686913e+01,1.810052e+02,1.409953e+02
3.004313e+02,5.824106e+01,1.852682e+02,1.443245e+02
3.072845e+02,6.271678e+01,1.770252e+02,1.378948e+02
3.063292e+02,6.384075e+01,1.815677e+02,1.414329e+02
3.046351e+02,6.586817e+01,1.851969e+02,1.442598e+02
3.065401e+02,7.158161e+01,1.840893e+02,1.433961e+02
3.076514e+02,7.548124e+01,1.845103e+02,1.437284e+02
3.087834e+02,7.813629e+01,1.855158e+02,1.445076e+02
3.105189e+02,8.026674e+01,1.857348e+02,1.446790e+02
3.129043e+02,8.478513e+01,1.848790e+02,1.440129e+02
3.131963e+02,8.479464e+01,1.874708e+02,1.460302e+02
3.189560e+02,8.987028e+01,1.839497e+02,1.432913e+02
3.179669e+02,9.351817e+01,1.863855e+02,1.451845e+02
3.209626e+02,9.809047e+01,1.875440e+02,1.460894e+02
3.225022e+02,1.020523e+02,1.866361e+02,1.453864e+02
3.220725e+02,1.052537e+02,1.893978e+02,1.475316e+02
3.244096e+02,1.063680e+02,1.883144e+02,1.466877e+02
3.267541e+02,1.112458e+02,1.889317e+02,1.471681e+02
3.265516e+02,1.146272e+02,1.894346e+02,1.475602e+02
3.267496e+02,1.188429e+02,1.898898e+02,1.479148e+02
3.274178e+02,1.218722e+02,1.909791e+02,1.487639e+02
3.272779e+02,1.262194e+02,1.898598e+02,1.478916e+02
3.269400e+02,1.314298e+02,1.910038e+02,1.487831e+02
3.262155e+02,1.393788e+02,1.916301e+02,1.492710e+02
3.272820e+02,1.436205e+02,1.914029e+02,1.490929e+02
3.253198e+02,1.455671e+02,1.914472e+02,1.491275e+02
3.228987e+02,1.467523e+02,1.923557e+02,1.498391e+02
3.235262e+02,1.541884e+02,1.882402e+02,1.466303e+02
3.175508e+02,1.495666e+02,1.941327e+02,1.512202e+02
3.180021e+02,1.569939e+02,1.909685e+02,1.487552e+02
3.157560e+02,1.597340e+02,1.888966e+02,1.471452e+02
3.134217e+02,1.618751e+02,1.894822e+02,1.475974e+02
3.064455e+02,1.626248e+02,1.934298e+02,1.506745e+02
3.063994e+02,1.652544e+02,1.930069e+02,1.503437e+02
3.052079e+02,1.697955e+02,1.917368e+02,1.493540e+02
3.027693e+02,1.700641e+02,1.902144e+02,1.481688e+02
3.029589e+02,1.709531e+02,1.905501e+02,1.484285e+02
3.000806e+02,1.728932e+02,1.917744e+02,1.493827e+02
3.027339e+02,1.742148e+02,1.915985e+02,1.492478e+02
3.066978e+02,1.739360e+02,1.915429e+02,1.492055e+02
3.087750e+02,1.755267e+02,1.928573e+02,1.502276e+02
3.137322e+02,1.753687e+02,1.896799e+02,1.477507e+02
3.206028e+02,1.726180e+02,1.903634e+02,1.482836e+02
3.273236e+02,1.681274e+02,1.917894e+02,1.493939e+02
3.327844e+02,1.658554e+02,1.934079e+02,1.506552e+02
3.465102e+02,1.593809e+02,1.894927e+02,1.476055e+02
3.516296e+02,1.513341e+02,1.945859e+02,1.515807e+02
3.627313e+02,1.446208e+02,1.930937e+02,1.504122e+02
3.715690e+02,1.379922e+02,1.945446e+02,1.515429e+02
3.835504e+02,1.322100e+02,1.911818e+02,1.489210e+02
3.901387e+02,1.271373e+02,1.903980e+02,1.483106e+02
4.003636e+02,1.218035e+02,1.885818e+02,1.468968e+02
4.035128e+02,1.146728e+02,1.900054e+02,1.480049e+02
4.075571e+02,1.096341e+02,1.928479e+02,1.502185e+02
4.144810e+02,1.032883e+02,1.919929e+02,1.495528e+02
4.155682e+02,9.704003e+01,1.934052e+02,1.506535e+02
4.207843e+02,9.302215e+01,1.912576e+02,1.489796e+02
4.223948e+02,9.150643e+01,1.925720e+02,1.500036e+02
4.207990e+02,8.375060e+01,1.956035e+02,1.523648e+02
4.251253e+02,8.359687e+01,1.919553e+02,1.495233e+02
4.265259e+02,8.254433e+01,1.916287e+02,1.492768e+02
4.261958e+02,8.138979e+01,1.899756e+02,1.479826e+02
4.232430e+02,8.032470e+01,1.883909e+02,1.467466e+02
4.207310e+02,8.174286e+01,1.898318e+02,1.478781e+02
4.168517e+02,8.314078e+01,1.897322e+02,1.477953e+02
4.125466e+02,8.498765e+01,1.897096e+02,1.477774e+02
4.100769e+02,8.870570e+01,1.877288e+02,1.462315e+02
4.098135e+02,8.964285e+01,1.858557e+02,1.447750e+02
3.984216e+02,9.246611e+01,1.916240e+02,1.492651e+02
3.947879e+02,9.273914e+01,1.916541e+02,1.492884e+02
3.880821e+02,9.544570e+01,1.932753e+02,1.505737e+02
3.840827e+02,9.643264e+01,1.940280e+02,1.511546e+02
3.793259e+02,9.870052e+01,1.957256e+02,1.524865e+02
3.788625e+02,1.002968e+02,1.926021e+02,1.500326e+02
3.743910e+02,1.034862e+02,1.932092e+02,1.504999e+02
3.686627e+02,1.041937e+02,1.979682e+02,1.542179e+02
3.625867e+02,1.075732e+02,1.985509e+02,1.546659e+02
3.616515e+02,1.100373e+02,1.978528e+02,1.541313e+02
3.602612e+02,1.094467e+02,1.978607e+02,1.541362e+02
3.561161e+02,1.113267e+02,1.969936e+02,1.534648e+02
3.503450e+02,1.124163e+02,1.999487e+02,1.557522e+02
3.451678e+02,1.185733e+02,1.974163e+02,1.537770e+02
3.392828e+02,1.248767e+02,1.967605e+02,1.532830e+02
3.317954e+02,1.282252e+02,1.976580e+02,1.539761e+02
3.196739e+02,1.353365e+02,2.003223e+02,1.560437e+02
3.096382e+02,1.371023e+02,2.000795e+02,1.558623e+02
3.004164e+02,1.389699e+02,1.985527e+02,1.546678e+02
2.877883e+02,1.433703e+02,1.994145e+02,1.553676e+02
2.756558e+02,1.446670e+02,1.974788e+02,1.538315e+02
2.590990e+02,1.467199e+02,1.973008e+02,1.537029e+02
2.414516e+02,1.464298e+02,1.959466e+02,1.526350e+02
2.231237e+02,1.436479e+02,1.984123e+02,1.545592e+02
2.133086e+02,1.457070e+02,1.895164e+02,1.476272e+02
2.003878e+02,1.459986e+02,1.852272e+02,1.442955e+02
1.693290e+02,1.426701e+02,1.959043e+02,1.526057e+02
1.507960e+02,1.434170e+02,1.998795e+02,1.556961e+02
1.377141e+02,1.441719e+02,1.965404e+02,1.531309e+02
1.222328e+02,1.401947e+02,1.953170e+02,1.521466e+02
1.070959e+02,1.386094e+02,2.016681e+02,1.570934e+02
9.684880e+01,1.380694e+02,1.969302e+02,1.534243e+02
8.217894e+01,1.337834e+02,2.051118e+02,1.597825e+02
8.290923e+01,1.383358e+02,1.933024e+02,1.505724e+02
7.433773e+01,1.387983e+02,1.957712e+02,1.525016e+02
7.158636e+01,1.389402e+02,1.962334e+02,1.528558e+02
7.071939e+01,1.384006e+02,1.961461e+02,1.527883e+02
7.219377e+01,1.391259e+02,1.953820e+02,1.522009e+02
7.136244e+01,1.398085e+02,1.948145e+02,1.517502e+02
7.187753e+01,1.389893e+02,1.945872e+02,1.515744e+02
7.455323e+01,1.400805e+02,1.959470e+02,1.526674e+02
8.216440e+01,1.416547e+02,1.891292e+02,1.473219e+02
7.958061e+01,1.400249e+02,1.925943e+02,1.500335e+02
7.342178e+01,1.379171e+02,2.001852e+02,1.559349e+02
7.736772e+01,1.403186e+02,1.915539e+02,1.492576e+02
7.303215e+01,1.365624e+02,2.028276e+02,1.579926e+02
7.761625e+01,1.390745e+02,1.938274e+02,1.509920e+02
8.278533e+01,1.387049e+02,1.878698e+02,1.463410e+02
7.564548e+01,1.354094e+02,1.976968e+02,1.539986e+02
7.449840e+01,1.344344e+02,1.958818e+02,1.525846e+02
7.733294e+01,1.353429e+02,1.957658e+02,1.524930e+02
7.432586e+01,1.359570e+02,1.980254e+02,1.542523e+02
7.285701e+01,1.347809e+02,2.016094e+02,1.570434e+02
7.498138e+01,1.346344e+02,2.019698e+02,1.573241e+02
7.619893e+01,1.347442e+02,2.052130e+02,1.598501e+02
8.130968e+01,1.346837e+02,2.061772e+02,1.606012e+02
9.019852e+01,1.351470e+02,2.032468e+02,1.583221e+02
9.750734e+01,1.373337e+02,2.039120e+02,1.588367e+02
1.080861e+02,1.351256e+02,2.056528e+02,1.601943e+02
1.204920e+02,1.343969e+02,2.019090e+02,1.572766e+02
1.305907e+02,1.352379e+02,2.053467e+02,1.599543e+02
1.452342e+02,1.358786e+02,2.065512e+02,1.608931e+02
1.666166e+02,1.379004e+02,1.981842e+02,1.543815e+02
1.811089e+02,1.388261e+02,2.001170e+02,1.558842e+02
1.914781e+02,1.375768e+02,2.028231e+02,1.579957e+02
2.106154e+02,1.412645e+02,1.977045e+02,1.540061e+02
2.224209e+02,1.427521e+02,1.999168e+02,1.557276e+02
2.364067e+02,1.479552e+02,1.987021e+02,1.547822e+02
2.448893e+02,1.500755e+02,2.002790e+02,1.560112e+02
2.617253e+02,1.581652e+02,1.935553e+02,1.507917e+02
2.633380e+02,1.539569e+02,1.967503e+02,1.532647e+02
2.798547e+02,1.656724e+02,1.905692e+02,1.484899e+02
2.809472e+02,1.628547e+02,1.981898e+02,1.543795e+02
2.835549e+02,1.622413e+02,1.982169e+02,1.544043e+02
2.882524e+02,1.573157e+02,2.002800e+02,1.560191e+02
2.934794e+02,1.553435e+02,1.989660e+02,1.549850e+02
3.001900e+02,1.547784e+02,1.954906e+02,1.522770e+02
2.994807e+02,1.456235e+02,1.985693e+02,1.546792e+02
2.996716e+02,1.435729e+02,2.047049e+02,1.594558e+02
3.054537e+02,1.390300e+02,1.958585e+02,1.525635e+02
3.089634e+02,1.397728e+02,1.962049e+02,1.528351e+02
3.113640e+02,1.346088e+02,1.986093e+02,1.547081e+02
3.138442e+02,1.319051e+02,1.980022e+02,1.542345e+02
3.144714e+02,1.325871e+02,1.992179e+02,1.551897e+02
3.208150e+02,1.309296e+02,1.982886e+02,1.544738e+02
3.202761e+02,1.324949e+02,1.984238e+02,1.545788e+02
3.250873e+02,1.315747e+02,1.993952e+02,1.553184e+02
3.317875e+02,1.305224e+02,2.037726e+02,1.587285e+02
3.350645e+02,1.323012e+02,2.024590e+02,1.577085e+02
3.393609e+02,1.291486e+02,2.044550e+02,1.592731e+02
3.418060e+02,1.281120e+02,2.057601e+02,1.602797e+02
3.538268e+02,1.308589e+02,1.995252e+02,1.554279e+02
3.609338e+02,1.328855e+02,1.991263e+02,1.551164e+02
3.651574e+02,1.361925e+02,2.032417e+02,1.583311e+02
3.684829e+02,1.308477e+02,2.055113e+02,1.601167e+02
3.758240e+02,1.355534e+02,2.029131e+02,1.580590e+02
3.836299e+02,1.365974e+02,2.021427e+02,1.574656e+02
3.860489e+02,1.379357e+02,2.038331e+02,1.588085e+02
3.911279e+02,1.381226e+02,2.050185e+02,1.597595e+02
3.916454e+02,1.372676e+02,2.079135e+02,1.619863e+02
3.919797e+02,1.393272e+02,2.073709e+02,1.615517e+02
3.916085e+02,1.417190e+02,2.027275e+02,1.579181e+02
3.888526e+02,1.425355e+02,2.051387e+02,1.597957e+02
3.862636e+02,1.426469e+02,2.060835e+02,1.605683e+02
3.854959e+02,1.489821e+02,1.982971e+02,1.544767e+02
3.850501e+02,1.493651e+02,1.943259e+02,1.513772e+02
3.741429e+02,1.492333e+02,2.024848e+02,1.577265e+02
3.660972e+02,1.500511e+02,2.012081e+02,1.567445e+02
3.615452e+02,1.493690e+02,2.005706e+02,1.562492e+02
3.552511e+02,1.516813e+02,1.998139e+02,1.556553e+02
3.463492e+02,1.489651e+02,2.018877e+02,1.572606e+02
3.430161e+02,1.472199e+02,1.973010e+02,1.536875e+02
3.392549e+02,1.478531e+02,1.920520e+02,1.495989e+02
3.372155e+02,1.480182e+02,1.887077e+02,1.469952e+02
3.247024e+02,1.372095e+02,2.091296e+02,1.629273e+02
3.266893e+02,1.416755e+02,2.059908e+02,1.604626e+02
3.128092e+02,1.473608e+02,1.974813e+02,1.538305e+02
3.114191e+02,1.481647e+02,1.985565e+02,1.546905e+02
3.125772e+02,1.776918e+02,1.958250e+02,1.525485e+02
3.197999e+02,1.409144e+02,2.011594e+02,1.566964e+02
3.078413e+02,1.483954e+02,1.978287e+02,1.540982e+02
3.041981e+02,1.609648e+02,1.956005e+02,1.523670e+02
2.914312e+02,1.650168e+02,1.988330e+02,1.548817e+02
2.661586e+02,1.366098e+02,1.995693e+02,1.554708e+02
2.640935e+02,1.392154e+02,1.997910e+02,1.556276e+02
2.750701e+02,1.361350e+02,1.966471e+02,1.531823e+02
2.617851e+02,1.338286e+02,2.022861e+02,1.575874e+02
2.621069e+02,1.378338e+02,2.006307e+02,1.562998e+02
2.677439e+02,1.042251e+02,2.026514e+02,1.578570e+02
2.562409e+02,1.159936e+02,2.105664e+02,1.640278e+02
2.594653e+02,1.310635e+02,2.030010e+02,1.581520e+02
2.744812e+02,1.375032e+02,1.947869e+02,1.517289e+02
2.727436e+02,1.376856e+02,1.969004e+02,1.533752e+02
2.668678e+02,1.369262e+02,1.950203e+02,1.519107e+02
2.645559e+02,1.312482e+02,2.037403e+02,1.587038e+02
2.620506e+02,1.328760e+02,2.043299e+02,1.591627e+02
2.626698e+02,1.305584e+02,2.012153e+02,1.567425e+02
2.664218e+02,1.348156e+02,1.947650e+02,1.517121e+02
2.647902e+02,1.329191e+02,1.972339e+02,1.536465e+02
2.646075e+02,1.308947e+02,2.011125e+02,1.566658e+02
2.599996e+02,1.303377e+02,1.929148e+02,1.502871e+02
2.624083e+02,1.303103e+02,2.019989e+02,1.573538e+02
2.633052e+02,1.335264e+02,1.969894e+02,1.534454e+02
2.630857e+02,1.330925e+02,1.942970e+02,1.513804e+02
2.640537e+02,1.325302e+02,1.954886e+02,1.523007e+02
2.619568e+02,1.296643e+02,2.005750e+02,1.562375e+02
2.636948e+02,1.328133e+02,2.017301e+02,1.571539e+02
2.637861e+02,1.287652e+02,2.015825e+02,1.570374e+02
2.633861e+02,1.412173e+02,1.974105e+02,1.537724e+02
2.653441e+02,1.366245e+02,1.962966e+02,1.529216e+02
2.644174e+02,1.394659e+02,1.972612e+02,1.536574e+02
2.655556e+02,1.332728e+02,2.040027e+02,1.589310e+02
2.631878e+02,1.322223e+02,2.022449e+02,1.575535e+02
2.651956e+02,1.337341e+02,1.995664e+02,1.554523e+02
2.651601e+02,1.341252e+02,1.968941e+02,1.534037e+02
2.643939e+02,1.350335e+02,1.945370e+02,1.515443e+02
2.638307e+02,1.335998e+02,1.974768e+02,1.538242e+02
2.626902e+02,1.307137e+02,1.999268e+02,1.557328e+02
2.565209e+02,1.315973e+02,2.007820e+02,1.564065e+02
2.546111e+02,1.326748e+02,2.004928e+02,1.561733e+02
2.518924e+02,1.340415e+02,2.007527e+02,1.563782e+02
2.515612e+02,1.338344e+02,1.993138e+02,1.552555e+02
2.552493e+02,1.327974e+02,1.994022e+02,1.553304e+02
2.536027e+02,1.327628e+02,1.993182e+02,1.552588e+02
2.540839e+02,1.323671e+02,2.025729e+02,1.578050e+02
2.562459e+02,1.329677e+02,2.004317e+02,1.561294e+02
2.584197e+02,1.313692e+02,2.021764e+02,1.574848e+02
2.605294e+02,1.314585e+02,2.010490e+02,1.566066e+02
2.621777e+02,1.317086e+02,2.006117e+02,1.562660e+02
2.639050e+02,1.313341e+02,2.018221e+02,1.572088e+02
2.664652e+02,1.285654e+02,2.016835e+02,1.571012e+02
2.736144e+02,1.270987e+02,1.957817e+02,1.525124e+02
2.760216e+02,1.257058e+02,1.964302e+02,1.530088e+02
2.777230e+02,1.247117e+02,1.969948e+02,1.534488e+02
2.798685e+02,1.230179e+02,1.999252e+02,1.557341e+02
2.661955e+02,1.383397e+02,1.985109e+02,1.546304e+02
2.645479e+02,1.330661e+02,2.052366e+02,1.598691e+02
2.661724e+02,1.384225e+02,1.951280e+02,1.519950e+02
2.688246e+02,1.394468e+02,1.947168e+02,1.516743e+02
2.649245e+02,1.355606e+02,1.991968e+02,1.551640e+02
2.645544e+02,1.346596e+02,2.004272e+02,1.561293e+02
2.646294e+02,1.365717e+02,2.026296e+02,1.578410e+02
2.658432e+02,1.327826e+02,2.045869e+02,1.593630e+02
2.675110e+02,1.387166e+02,1.955630e+02,1.523533e+02
2.634499e+02,1.328355e+02,2.007417e+02,1.563673e+02
2.641252e+02,1.326155e+02,2.025452e+02,1.577929e+02
2.671631e+02,1.368016e+02,1.999661e+02,1.557649e+02
2.664032e+02,1.368568e+02,1.976740e+02,1.539848e+02
2.644937e+02,1.353594e+02,1.988123e+02,1.548643e+02
2.648621e+02,1.338402e+02,1.998077e+02,1.556397e+02
2.638982e+02,1.347696e+02,2.009258e+02,1.565212e+02
2.650224e+02,1.353996e+02,2.008962e+02,1.565058e+02
2.643198e+02,1.334017e+02,2.025739e+02,1.578023e+02
2.653081e+02,1.351099e+02,1.996431e+02,1.555148e+02
2.651641e+02,1.354994e+02,1.990787e+02,1.550725e+02
2.651084e+02,1.365476e+02,1.982921e+02,1.544636e+02
2.642331e+02,1.350220e+02,2.002411e+02,1.559791e+02
2.638518e+02,1.340981e+02,2.020974e+02,1.574255e+02
2.649887e+02,1.343898e+02,2.016428e+02,1.570844e+02
2.647189e+02,1.339691e+02,2.020546e+02,1.573925e+02
2.643933e+02,1.336980e+02,2.018929e+02,1.572640e+02
2.654373e+02,1.346784e+02,2.014138e+02,1.569036e+02
2.630712e+02,1.341723e+02,2.011592e+02,1.567071e+02
2.655587e+02,1.355796e+02,2.000098e+02,1.558058e+02
2.640783e+02,1.335226e+02,2.013319e+02,1.568359e+02
2.654594e+02,1.359158e+02,1.990173e+02,1.550323e+02
2.650068e+02,1.342136e+02,1.998782e+02,1.557094e+02
2.655333e+02,1.362431e+02,1.995956e+02,1.554745e+02
2.655706e+02,1.339737e+02,2.014158e+02,1.569392e+02
2.654402e+02,1.357975e+02,1.986700e+02,1.547585e+02
2.640924e+02,1.353440e+02,1.992206e+02,1.551857e+02
2.652765e+02,1.359553e+02,1.990005e+02,1.550163e+02
2.656242e+02,1.352294e+02,1.994450e+02,1.553636e+02
2.635793e+02,1.334708e+02,2.033809e+02,1.584461e+02
2.646342e+02,1.343752e+02,1.999012e+02,1.557248e+02
2.653228e+02,1.348605e+02,1.996665e+02,1.555403e+02
2.652134e+02,1.356587e+02,2.000765e+02,1.558590e+02
2.653279e+02,1.354393e+02,1.996014e+02,1.554916e+02
2.659890e+02,1.352382e+02,1.991931e+02,1.551677e+02
2.656634e+02,1.354210e+02,1.988372e+02,1.549001e+02
2.643876e+02,1.344868e+02,2.005124e+02,1.562034e+02
2.657017e+02,1.353485e+02,2.003450e+02,1.560756e+02
2.642677e+02,1.344036e+02,2.006219e+02,1.562930e+02
2.653938e+02,1.347816e+02,1.998349e+02,1.556701e+02
2.652937e+02,1.353640e+02,2.001712e+02,1.559291e+02
2.650196e+02,1.349254e+02,2.000718e+02,1.558523e+02
2.669571e+02,1.358736e+02,1.980797e+02,1.543120e+02
2.652048e+02,1.363255e+02,1.984320e+02,1.545767e+02
2.664639e+02,1.373908e+02,1.963389e+02,1.529703e+02
2.655198e+02,1.354174e+02,1.996325e+02,1.555162e+02
2.648807e+02,1.359849e+02,1.991620e+02,1.551584e+02
2.654339e+02,1.378750e+02,1.977700e+02,1.540642e+02
2.656628e+02,1.355200e+02,1.983401e+02,1.545063e+02
2.665677e+02,1.382214e+02,1.962356e+02,1.528813e+02
2.657125e+02,1.359429e+02,1.988880e+02,1.549484e+02
2.966495e+02,1.188609e+02,2.010272e+02,1.566320e+02
2.941906e+02,1.213290e+02,1.986044e+02,1.547189e+02
2.934273e+02,1.221354e+02,1.983340e+02,1.545094e+02
2.919765e+02,1.237614e+02,2.000904e+02,1.558744e+02
2.955527e+02,1.272267e+02,1.986765e+02,1.547631e+02
2.926349e+02,1.280153e+02,2.021720e+02,1.575154e+02
2.955325e+02,1.277284e+02,2.015084e+02,1.569817e+02
3.017685e+02,1.332588e+02,2.006366e+02,1.562933e+02
3.068771e+02,1.361094e+02,2.019233e+02,1.572906e+02
3.132363e+02,1.389345e+02,1.994951e+02,1.554220e+02
3.170278e+02,1.375365e+02,2.021620e+02,1.574831e+02
3.237468e+02,1.409143e+02,2.009259e+02,1.565276e+02
3.307004e+02,1.432567e+02,1.980817e+02,1.543047e+02
3.309939e+02,1.438084e+02,2.046531e+02,1.594240e+02
3.356908e+02,1.475496e+02,2.022134e+02,1.575354e+02
3.363935e+02,1.461888e+02,2.032047e+02,1.583313e+02
3.390483e+02,1.450700e+02,2.011300e+02,1.566908e+02
3.399894e+02,1.467660e+02,2.008285e+02,1.564624e+02
3.343415e+02,1.443799e+02,2.027057e+02,1.579172e+02
3.331185e+02,1.457730e+02,2.011874e+02,1.567319e+02
3.255091e+02,1.446453e+02,2.022288e+02,1.575529e+02
3.202729e+02,1.435570e+02,2.019736e+02,1.573492e+02
3.154629e+02,1.456861e+02,1.987860e+02,1.548817e+02
3.050035e+02,1.416917e+02,2.022042e+02,1.575386e+02
2.979310e+02,1.409529e+02,2.012246e+02,1.567782e+02
2.957419e+02,1.386168e+02,1.978804e+02,1.541464e+02
2.848448e+02,1.360764e+02,1.999409e+02,1.557584e+02
2.746788e+02,1.344275e+02,2.016595e+02,1.571176e+02
2.685941e+02,1.335575e+02,2.017503e+02,1.571849e+02
2.647624e+02,1.321835e+02,1.977946e+02,1.541208e+02
2.589590e+02,1.317640e+02,1.975224e+02,1.539043e+02
2.516598e+02,1.330133e+02,1.982948e+02,1.544812e+02
2.429627e+02,1.347161e+02,2.020667e+02,1.574287e+02
2.382060e+02,1.402837e+02,2.013892e+02,1.568954e+02
2.375536e+02,1.424747e+02,1.985009e+02,1.546451e+02
2.327915e+02,1.466837e+02,1.989675e+02,1.550039e+02
2.264944e+02,1.479806e+02,2.033818e+02,1.584413e+02
2.262361e+02,1.534444e+02,2.007367e+02,1.563898e+02
2.194041e+02,1.515631e+02,2.076116e+02,1.617453e+02
2.213855e+02,1.561193e+02,2.008074e+02,1.564469e+02
2.179965e+02,1.569944e+02,2.027016e+02,1.579074e+02
2.133979e+02,1.637776e+02,2.038039e+02,1.587747e+02
2.074443e+02,1.656021e+02,2.052585e+02,1.598961e+02
2.077986e+02,1.707805e+02,2.014231e+02,1.569342e+02
1.995933e+02,1.721452e+02,2.060383e+02,1.605117e+02
1.927801e+02,1.715768e+02,2.082896e+02,1.622643e+02
1.895250e+02,1.728935e+02,2.043542e+02,1.592005e+02
1.832280e+02,1.734589e+02,2.041682e+02,1.590669e+02
1.735800e+02,1.727921e+02,2.083155e+02,1.623030e+02
1.648199e+02,1.722813e+02,2.077235e+02,1.618235e+02
1.572761e+02,1.724556e+02,2.071260e+02,1.613593e+02
1.475650e+02,1.722518e+02,2.089438e+02,1.627919e+02
1.372391e+02,1.728917e+02,2.058115e+02,1.603227e+02
1.293497e+02,1.731304e+02,2.055169e+02,1.601261e+02
1.188933e+02,1.741780e+02,2.061535e+02,1.605895e+02
1.071277e+02,1.751472e+02,2.094981e+02,1.632167e+02
1.017069e+02,1.754949e+02,2.063504e+02,1.607524e+02
9.023700e+01,1.766550e+02,2.080377e+02,1.620692e+02
8.335572e+01,1.741979e+02,2.063794e+02,1.607674e+02
7.535189e+01,1.734294e+02,2.052312e+02,1.598771e+02
6.644092e+01,1.724959e+02,2.071532e+02,1.613861e+02
6.322311e+01,1.733936e+02,2.004136e+02,1.561131e+02
5.861264e+01,1.717464e+02,2.029923e+02,1.581305e+02
5.358557e+01,1.720833e+02,1.971255e+02,1.535899e+02
4.259563e+01,1.693426e+02,2.090909e+02,1.629010e+02
4.204651e+01,1.718681e+02,1.995458e+02,1.554367e+02
4.233550e+01,1.730891e+02,1.978903e+02,1.541473e+02
3.785344e+01,1.731780e+02,2.022927e+02,1.575827e+02
3.152066e+01,1.702710e+02,2.071633e+02,1.614079e+02
2.716474e+01,1.711936e+02,2.098314e+02,1.634845e+02
3.003201e+01,1.748745e+02,2.039516e+02,1.588718e+02
2.853499e+01,1.773628e+02,2.045365e+02,1.593424e+02
2.963226e+01,1.791395e+02,2.032118e+02,1.583031e+02
3.177133e+01,1.798603e+02,2.000570e+02,1.558385e+02
3.260674e+01,1.833880e+02,2.000659e+02,1.558431e+02
3.068717e+01,1.794413e+02,2.034909e+02,1.585223e+02
3.041212e+01,1.803109e+02,2.032982e+02,1.583775e+02
2.986593e+01,1.798423e+02,2.049058e+02,1.596194e+02
3.084690e+01,1.793638e+02,2.043942e+02,1.592437e+02
3.238565e+01,1.800821e+02,2.026010e+02,1.578299e+02
3.304454e+01,1.794281e+02,2.043811e+02,1.592088e+02
3.507351e+01,1.815278e+02,2.036964e+02,1.586759e+02
3.735977e+01,1.831043e+02,2.008529e+02,1.564717e+02
3.850409e+01,1.854310e+02,2.015526e+02,1.570078e+02
3.767021e+01,1.854789e+02,2.043580e+02,1.591886e+02
4.014006e+01,1.873690e+02,2.035415e+02,1.585567e+02
4.034230e+01,1.869206e+02,2.050667e+02,1.597444e+02
4.351506e+01,1.875535e+02,2.042393e+02,1.591048e+02
4.516072e+01,1.894117e+02,2.043566e+02,1.591929e+02
4.589542e+01,1.872547e+02,2.046383e+02,1.594110e+02
4.753911e+01,1.895252e+02,2.043816e+02,1.592128e+02
4.903208e+01,1.896579e+02,2.051622e+02,1.598124e+02
