128,46,104,127
1.289459e+02,4.584890e+01,1.040020e+02,1.270023e+02
1.303925e+02,4.575752e+01,1.031735e+02,1.259907e+02
1.307948e+02,4.584480e+01,1.040059e+02,1.270072e+02
1.355946e+02,4.633146e+01,1.037578e+02,1.267042e+02
1.402288e+02,4.208509e+01,1.043363e+02,1.274101e+02
1.504200e+02,3.965292e+01,1.053716e+02,1.286749e+02
1.551201e+02,3.366476e+01,1.056733e+02,1.290433e+02
1.633386e+02,3.403042e+01,1.057561e+02,1.291443e+02
1.756570e+02,3.623017e+01,1.061005e+02,1.295645e+02
1.822336e+02,3.768457e+01,1.056687e+02,1.290377e+02
1.890531e+02,3.914489e+01,1.026969e+02,1.254054e+02
1.900891e+02,4.174193e+01,1.025641e+02,1.252430e+02
1.884844e+02,4.401248e+01,1.039133e+02,1.268940e+02
1.791766e+02,4.504644e+01,1.041567e+02,1.271906e+02
1.639546e+02,4.510615e+01,1.039834e+02,1.269791e+02
1.448702e+02,4.277891e+01,1.048326e+02,1.280160e+02
1.318508e+02,4.225737e+01,1.022669e+02,1.248823e+02
1.209529e+02,4.062777e+01,1.031690e+02,1.259804e+02
1.080945e+02,3.940191e+01,1.022497e+02,1.248580e+02
9.100077e+01,3.913766e+01,1.032619e+02,1.260984e+02
7.907401e+01,4.422693e+01,1.043824e+02,1.274505e+02
6.327369e+01,4.480607e+01,1.032346e+02,1.260647e+02
4.993165e+01,4.501417e+01,1.028611e+02,1.256090e+02
4.307580e+01,4.520081e+01,1.014025e+02,1.238259e+02
3.376943e+01,4.534995e+01,1.024660e+02,1.251259e+02
3.050252e+01,4.834596e+01,1.019766e+02,1.245280e+02
3.380770e+01,4.677131e+01,1.042416e+02,1.272947e+02
3.673700e+01,4.553758e+01,1.010713e+02,1.234110e+02
3.663532e+01,4.409135e+01,1.018800e+02,1.244088e+02
3.511142e+01,4.619635e+01,1.010841e+02,1.234278e+02
3.171922e+01,4.784989e+01,1.012687e+02,1.236646e+02
3.029613e+01,4.902415e+01,9.992239e+01,1.220205e+02
2.845219e+01,5.397095e+01,9.994487e+01,1.220355e+02
3.210407e+01,5.155072e+01,1.006250e+02,1.228784e+02
3.645680e+01,5.104162e+01,1.016689e+02,1.241527e+02
4.458487e+01,5.821058e+01,9.975213e+01,1.218007e+02
4.459686e+01,5.921424e+01,9.845257e+01,1.202253e+02
4.821607e+01,5.864993e+01,9.919501e+01,1.211316e+02
5.531072e+01,5.982267e+01,1.029129e+02,1.256685e+02
6.861500e+01,6.206394e+01,1.003698e+02,1.225669e+02
7.678222e+01,6.518071e+01,1.035942e+02,1.265045e+02
8.599552e+01,6.985307e+01,1.051756e+02,1.284313e+02
9.419778e+01,7.528452e+01,1.050944e+02,1.283331e+02
9.624969e+01,7.700570e+01,1.052037e+02,1.284678e+02
9.911674e+01,8.265944e+01,1.050795e+02,1.283159e+02
1.011364e+02,8.572315e+01,1.052888e+02,1.285717e+02
1.070193e+02,8.732094e+01,1.050021e+02,1.282220e+02
1.081045e+02,8.417164e+01,1.060549e+02,1.295046e+02
1.098703e+02,7.663847e+01,1.058096e+02,1.292047e+02
1.119269e+02,6.280282e+01,1.033390e+02,1.261906e+02
1.130996e+02,4.708087e+01,1.063534e+02,1.298691e+02
1.156640e+02,4.230234e+01,1.058964e+02,1.293141e+02
1.190778e+02,3.612715e+01,1.033291e+02,1.261807e+02
1.208233e+02,3.184625e+01,1.051458e+02,1.283982e+02
1.236273e+02,3.137555e+01,1.026775e+02,1.253615e+02
1.256702e+02,3.727402e+01,1.030004e+02,1.257586e+02
1.285983e+02,4.363845e+01,1.009523e+02,1.232534e+02
1.297260e+02,5.348906e+01,1.002936e+02,1.224503e+02
1.282367e+02,5.650621e+01,1.032308e+02,1.260443e+02
1.345095e+02,5.895460e+01,9.895696e+01,1.208265e+02
1.317359e+02,5.753047e+01,1.053632e+02,1.286623e+02
1.368957e+02,5.613002e+01,1.032887e+02,1.261182e+02
1.370134e+02,5.739233e+01,1.044521e+02,1.275406e+02
1.426001e+02,5.589969e+01,1.034854e+02,1.263715e+02
1.448809e+02,5.663894e+01,1.038572e+02,1.267983e+02
1.454538e+02,5.613899e+01,1.027167e+02,1.254310e+02
1.371455e+02,5.442692e+01,1.049785e+02,1.281700e+02
1.315048e+02,5.820098e+01,1.016730e+02,1.241537e+02
1.212756e+02,5.986501e+01,1.018609e+02,1.243837e+02
1.134850e+02,5.918824e+01,1.040310e+02,1.270314e+02
1.147078e+02,6.262941e+01,1.021339e+02,1.247121e+02
1.150438e+02,6.196225e+01,1.039041e+02,1.268794e+02
1.177469e+02,6.178800e+01,1.041289e+02,1.271526e+02
1.198111e+02,6.272639e+01,1.037547e+02,1.267003e+02
1.216280e+02,6.202640e+01,1.044714e+02,1.275572e+02
1.237224e+02,6.172938e+01,1.050355e+02,1.282640e+02
1.246186e+02,6.307130e+01,1.044918e+02,1.276001e+02
1.224055e+02,6.353535e+01,1.043596e+02,1.274369e+02
1.199940e+02,6.257511e+01,1.068363e+02,1.304635e+02
1.199952e+02,6.146269e+01,1.057530e+02,1.290989e+02
1.197915e+02,6.201203e+01,1.050034e+02,1.282213e+02
1.190327e+02,6.243246e+01,1.051314e+02,1.283764e+02
1.144590e+02,6.198150e+01,1.075150e+02,1.312622e+02
1.114086e+02,6.249714e+01,1.049452e+02,1.281525e+02
1.070565e+02,6.212086e+01,1.056342e+02,1.289889e+02
1.034682e+02,6.064279e+01,1.025323e+02,1.252048e+02
9.562492e+01,6.233172e+01,1.062497e+02,1.297431e+02
9.355200e+01,6.102265e+01,1.016658e+02,1.241439e+02
8.809585e+01,5.935779e+01,1.031037e+02,1.258941e+02
8.636674e+01,5.908857e+01,1.045569e+02,1.276795e+02
8.298790e+01,5.688871e+01,1.024587e+02,1.251150e+02
8.355303e+01,5.439417e+01,1.028699e+02,1.256195e+02
8.246500e+01,5.229250e+01,1.022240e+02,1.248297e+02
8.794161e+01,5.343182e+01,9.996736e+01,1.220634e+02
9.252600e+01,5.518796e+01,1.001877e+02,1.223306e+02
9.296049e+01,5.588624e+01,9.993875e+01,1.220351e+02
8.813737e+01,5.265353e+01,1.039499e+02,1.269354e+02
8.820132e+01,4.869550e+01,1.020379e+02,1.246039e+02
8.380162e+01,4.843575e+01,1.037003e+02,1.266304e+02
8.803561e+01,4.989399e+01,1.028322e+02,1.255621e+02
8.989713e+01,5.079484e+01,1.019560e+02,1.244902e+02
9.747792e+01,4.970375e+01,1.000493e+02,1.221672e+02
1.044133e+02,4.973291e+01,1.036253e+02,1.265418e+02
1.072522e+02,4.962131e+01,1.047391e+02,1.278971e+02
1.163263e+02,4.811191e+01,1.038641e+02,1.268340e+02
1.238670e+02,4.727268e+01,1.048523e+02,1.280357e+02
1.295696e+02,4.920868e+01,1.053827e+02,1.286872e+02
1.397827e+02,4.906244e+01,1.049706e+02,1.281850e+02
1.295035e+02,5.542147e+01,1.048633e+02,1.280446e+02
1.225574e+02,5.796811e+01,1.055811e+02,1.289215e+02
1.189386e+02,5.505611e+01,1.062397e+02,1.297346e+02
1.194853e+02,5.296973e+01,1.048455e+02,1.280313e+02
1.206713e+02,5.397724e+01,1.050211e+02,1.282465e+02
1.171151e+02,5.465875e+01,1.016707e+02,1.241460e+02
1.097584e+02,5.647111e+01,1.043561e+02,1.274265e+02
1.112977e+02,5.442705e+01,9.976189e+01,1.218033e+02
1.107525e+02,5.424601e+01,1.041989e+02,1.272411e+02
1.136388e+02,5.403490e+01,9.884610e+01,1.207003e+02
1.177425e+02,5.240387e+01,1.013449e+02,1.237524e+02
1.239324e+02,5.369945e+01,9.968364e+01,1.217073e+02
1.241279e+02,5.134802e+01,1.063081e+02,1.298183e+02
1.262171e+02,5.081620e+01,1.062482e+02,1.297453e+02
1.135933e+02,5.152319e+01,1.029194e+02,1.256746e+02
1.057278e+02,4.598739e+01,1.054675e+02,1.287920e+02
9.903386e+01,4.657921e+01,1.056750e+02,1.290412e+02
9.857784e+01,4.526156e+01,1.009880e+02,1.233202e+02
9.475490e+01,4.215588e+01,1.042050e+02,1.272424e+02
9.191398e+01,3.559563e+01,1.044189e+02,1.275029e+02
9.274533e+01,3.479271e+01,1.045577e+02,1.276801e+02
9.336542e+01,4.390551e+01,1.049196e+02,1.281209e+02
9.196608e+01,5.229863e+01,1.062962e+02,1.298037e+02
9.251072e+01,5.688469e+01,1.072609e+02,1.309779e+02
9.474965e+01,6.314612e+01,1.068371e+02,1.304645e+02
9.831478e+01,6.517282e+01,1.064613e+02,1.300053e+02
9.997487e+01,6.673439e+01,1.054685e+02,1.287930e+02
1.057390e+02,7.120152e+01,1.052850e+02,1.285580e+02
1.133747e+02,7.357112e+01,1.039897e+02,1.269821e+02
1.150976e+02,7.696076e+01,1.041050e+02,1.271271e+02
1.211068e+02,8.101639e+01,1.049337e+02,1.281378e+02
1.216473e+02,8.181913e+01,1.047556e+02,1.279201e+02
1.220602e+02,8.307414e+01,1.020686e+02,1.246381e+02
1.112908e+02,8.185586e+01,1.029571e+02,1.257193e+02
1.055513e+02,9.030244e+01,1.039583e+02,1.269490e+02
1.016640e+02,7.992617e+01,1.046452e+02,1.277869e+02
1.024598e+02,6.835771e+01,1.012487e+02,1.236393e+02
1.057507e+02,6.179955e+01,1.043845e+02,1.274670e+02
1.111671e+02,6.390331e+01,1.014071e+02,1.238290e+02
1.142075e+02,6.277680e+01,1.009436e+02,1.232555e+02
1.157147e+02,6.389957e+01,1.032270e+02,1.260490e+02
1.134891e+02,6.851780e+01,1.075278e+02,1.313028e+02
1.116945e+02,5.652152e+01,1.065012e+02,1.300493e+02
1.101881e+02,4.762196e+01,1.030361e+02,1.258226e+02
1.090564e+02,4.976827e+01,1.022320e+02,1.248401e+02
1.080624e+02,4.948828e+01,1.015389e+02,1.239945e+02
1.108389e+02,4.978627e+01,1.013133e+02,1.237181e+02
1.103028e+02,4.988171e+01,9.990704e+01,1.219973e+02
1.105883e+02,5.073163e+01,1.012635e+02,1.236583e+02
1.104075e+02,5.137164e+01,1.010089e+02,1.233474e+02
1.069361e+02,5.160842e+01,1.002916e+02,1.224649e+02
1.045386e+02,5.602557e+01,1.014639e+02,1.238968e+02
1.040127e+02,5.557349e+01,1.017065e+02,1.241927e+02
1.013308e+02,5.587168e+01,1.006978e+02,1.229634e+02
9.872373e+01,5.592805e+01,1.006711e+02,1.229304e+02
9.613485e+01,5.703315e+01,1.000875e+02,1.222141e+02
9.459535e+01,5.673750e+01,9.988559e+01,1.219714e+02
9.183153e+01,5.754106e+01,9.918565e+01,1.211115e+02
8.967577e+01,5.660096e+01,1.002233e+02,1.223754e+02
8.705297e+01,5.681950e+01,1.002440e+02,1.224131e+02
8.470483e+01,5.662266e+01,1.001490e+02,1.222965e+02
8.065412e+01,5.576051e+01,1.017011e+02,1.241927e+02
7.794299e+01,5.869363e+01,9.975443e+01,1.218153e+02
7.650301e+01,5.710434e+01,1.003162e+02,1.225008e+02
7.458440e+01,5.744675e+01,9.900396e+01,1.208932e+02
8.631867e+01,5.830639e+01,9.933388e+01,1.212894e+02
9.087707e+01,5.753324e+01,1.001045e+02,1.222346e+02
9.628376e+01,5.820530e+01,9.776316e+01,1.193679e+02
8.876963e+01,5.634806e+01,1.006305e+02,1.228800e+02
9.021452e+01,5.516907e+01,9.923477e+01,1.211600e+02
9.112520e+01,5.287629e+01,9.772362e+01,1.193218e+02
8.747465e+01,5.092250e+01,1.000812e+02,1.221996e+02
8.785579e+01,5.105382e+01,9.850134e+01,1.202715e+02
8.993985e+01,4.985619e+01,9.941588e+01,1.213911e+02
9.374249e+01,4.851434e+01,9.731546e+01,1.188287e+02
9.553061e+01,4.806747e+01,9.831996e+01,1.200559e+02
9.831737e+01,4.504436e+01,9.969812e+01,1.217407e+02
1.038895e+02,4.053774e+01,1.015424e+02,1.239971e+02
1.102996e+02,5.133452e+01,1.010903e+02,1.234299e+02
1.149715e+02,5.241482e+01,9.900913e+01,1.209054e+02
1.164230e+02,5.119898e+01,9.891948e+01,1.207942e+02
1.208428e+02,4.469759e+01,1.007531e+02,1.230159e+02
1.243418e+02,4.231238e+01,9.887635e+01,1.207285e+02
1.238213e+02,4.179039e+01,1.000745e+02,1.222025e+02
1.231772e+02,4.223210e+01,9.881045e+01,1.206596e+02
1.177426e+02,4.372015e+01,1.005348e+02,1.227679e+02
1.121938e+02,4.476250e+01,1.022474e+02,1.248152e+02
1.046579e+02,4.782729e+01,9.785971e+01,1.195017e+02
9.992706e+01,4.971541e+01,1.004612e+02,1.226783e+02
9.052367e+01,5.227358e+01,1.015399e+02,1.239956e+02
8.794170e+01,4.869184e+01,1.029206e+02,1.256656e+02
8.546495e+01,4.680357e+01,1.034023e+02,1.262558e+02
8.401185e+01,4.903117e+01,1.016164e+02,1.240858e+02
8.354470e+01,5.232683e+01,1.016716e+02,1.241543e+02
8.023198e+01,5.109451e+01,1.001801e+02,1.223312e+02
7.991899e+01,4.940575e+01,1.013151e+02,1.236937e+02
7.504700e+01,4.753493e+01,1.007359e+02,1.229882e+02
6.796533e+01,4.993435e+01,1.003865e+02,1.225832e+02
5.622118e+01,4.798918e+01,9.883033e+01,1.206861e+02
6.109666e+01,4.989016e+01,1.011335e+02,1.234974e+02
7.512892e+01,4.722083e+01,9.976739e+01,1.218255e+02
8.214022e+01,4.653643e+01,9.958446e+01,1.215924e+02
8.190494e+01,4.254014e+01,9.859853e+01,1.203993e+02
8.051892e+01,4.058086e+01,9.772122e+01,1.193326e+02
8.074871e+01,4.208908e+01,9.902543e+01,1.209211e+02
8.029503e+01,4.735922e+01,9.807359e+01,1.197577e+02
8.111540e+01,5.467411e+01,9.820684e+01,1.199205e+02
8.771154e+01,5.528430e+01,9.673426e+01,1.181252e+02
8.780838e+01,5.563810e+01,9.857521e+01,1.203748e+02
9.081023e+01,5.585147e+01,9.804249e+01,1.196948e+02
9.645553e+01,5.250030e+01,1.000465e+02,1.221493e+02
9.996043e+01,4.876620e+01,1.020203e+02,1.245670e+02
1.067786e+02,4.863168e+01,1.015124e+02,1.239581e+02
1.108811e+02,4.850400e+01,1.039819e+02,1.269778e+02
1.163862e+02,4.539603e+01,1.028271e+02,1.255666e+02
1.139379e+02,4.257998e+01,1.087404e+02,1.327830e+02
1.180799e+02,4.135343e+01,1.026349e+02,1.253314e+02
1.180651e+02,3.967384e+01,1.049327e+02,1.281333e+02
1.172512e+02,4.178511e+01,9.974347e+01,1.217918e+02
1.160891e+02,4.135503e+01,1.031336e+02,1.258760e+02
1.194666e+02,4.122450e+01,1.015471e+02,1.239327e+02
1.201018e+02,4.040233e+01,1.023565e+02,1.249356e+02
1.172917e+02,4.075447e+01,1.027494e+02,1.254150e+02
1.175405e+02,3.942359e+01,1.052834e+02,1.285610e+02
1.255036e+02,4.034072e+01,1.043664e+02,1.274418e+02
1.314038e+02,4.486527e+01,1.006215e+02,1.228730e+02
1.249000e+02,4.236809e+01,1.011941e+02,1.235090e+02
1.133059e+02,4.121952e+01,1.040350e+02,1.270345e+02
1.042064e+02,4.412747e+01,1.027877e+02,1.255196e+02
1.071247e+02,4.190490e+01,1.021613e+02,1.247488e+02
1.065417e+02,3.363068e+01,1.006013e+02,1.228478e+02
1.097420e+02,2.511156e+01,1.042822e+02,1.273430e+02
1.191470e+02,1.558762e+01,1.020571e+02,1.246076e+02
1.225680e+02,9.850802e+00,1.018470e+02,1.243492e+02
1.327557e+02,1.086293e+01,9.707005e+01,1.185307e+02
1.275070e+02,1.257403e+01,9.728349e+01,1.187971e+02
1.236783e+02,1.542474e+01,9.785649e+01,1.194905e+02
1.202355e+02,1.872853e+01,9.732622e+01,1.188495e+02
1.210572e+02,2.110533e+01,9.725064e+01,1.187550e+02
1.146102e+02,2.026537e+01,1.007203e+02,1.229808e+02
1.106465e+02,2.232953e+01,9.656579e+01,1.179180e+02
1.023694e+02,2.210181e+01,9.721133e+01,1.187099e+02
9.896758e+01,2.436436e+01,9.682106e+01,1.182309e+02
1.037745e+02,3.438907e+01,9.670013e+01,1.180830e+02
1.056063e+02,3.756088e+01,9.758109e+01,1.191579e+02
1.059576e+02,4.126382e+01,9.887650e+01,1.207314e+02
1.103857e+02,4.080230e+01,9.718369e+01,1.186713e+02
1.122951e+02,4.169453e+01,9.736535e+01,1.188960e+02
1.138984e+02,4.263634e+01,9.806457e+01,1.197414e+02
1.193005e+02,3.964490e+01,9.715405e+01,1.186346e+02
1.209249e+02,3.961924e+01,9.916237e+01,1.210920e+02
1.260211e+02,3.822582e+01,9.570474e+01,1.168700e+02
1.272873e+02,3.808130e+01,9.825356e+01,1.199818e+02
1.270176e+02,3.663398e+01,9.928541e+01,1.212425e+02
1.225020e+02,3.612438e+01,9.784947e+01,1.194326e+02
1.218689e+02,3.306920e+01,9.987015e+01,1.219560e+02
1.299123e+02,3.751871e+01,9.755584e+01,1.191287e+02
1.327571e+02,4.450325e+01,1.035379e+02,1.264035e+02
1.396017e+02,5.058500e+01,1.015439e+02,1.239977e+02
1.353342e+02,5.324179e+01,1.027295e+02,1.254459e+02
1.296152e+02,4.919273e+01,9.699484e+01,1.184340e+02
1.170320e+02,5.023499e+01,9.963799e+01,1.216732e+02
1.094591e+02,4.911715e+01,9.845188e+01,1.202166e+02
1.042674e+02,4.803258e+01,9.796779e+01,1.196222e+02
1.041253e+02,4.385651e+01,9.775825e+01,1.193673e+02
9.996001e+01,4.529455e+01,9.605979e+01,1.173017e+02
9.742731e+01,4.475973e+01,9.570298e+01,1.168679e+02
9.560743e+01,4.676889e+01,9.494649e+01,1.159424e+02
9.454300e+01,4.349079e+01,1.001226e+02,1.222645e+02
9.671168e+01,4.402418e+01,9.663941e+01,1.180093e+02
9.964001e+01,4.391283e+01,9.483427e+01,1.158055e+02
1.031833e+02,4.006421e+01,1.022417e+02,1.248487e+02
1.078657e+02,4.179878e+01,9.864788e+01,1.204628e+02
1.118606e+02,4.051996e+01,9.367861e+01,1.143911e+02
1.127216e+02,3.818176e+01,9.865772e+01,1.204664e+02
1.147433e+02,4.905233e+01,9.871391e+01,1.205351e+02
1.178083e+02,5.702496e+01,1.014968e+02,1.239363e+02
1.217069e+02,5.988283e+01,9.811149e+01,1.197983e+02
1.238526e+02,6.174895e+01,9.762291e+01,1.192113e+02
1.292203e+02,5.933213e+01,9.819550e+01,1.199002e+02
1.315711e+02,5.700951e+01,9.682773e+01,1.182382e+02
1.249950e+02,6.153412e+01,9.532925e+01,1.164112e+02
1.218864e+02,5.679949e+01,1.016267e+02,1.240808e+02
1.183649e+02,5.820025e+01,1.030031e+02,1.257469e+02
1.198904e+02,6.018507e+01,9.674153e+01,1.181282e+02
1.298881e+02,6.081861e+01,9.674972e+01,1.181292e+02
1.327159e+02,5.885096e+01,9.845754e+01,1.202269e+02
1.288894e+02,5.637090e+01,9.849349e+01,1.202680e+02
1.230868e+02,5.992817e+01,9.553611e+01,1.166642e+02
1.192676e+02,6.090010e+01,9.455118e+01,1.154615e+02
1.134661e+02,6.052155e+01,9.925469e+01,1.211973e+02
1.160723e+02,5.996088e+01,1.006086e+02,1.228581e+02
1.189945e+02,5.969152e+01,1.007162e+02,1.229895e+02
1.193644e+02,6.261254e+01,9.893483e+01,1.207942e+02
1.220431e+02,6.430965e+01,9.659173e+01,1.179428e+02
1.252609e+02,6.145211e+01,9.700720e+01,1.184550e+02
1.241172e+02,6.156018e+01,1.003438e+02,1.225226e+02
1.179511e+02,6.301372e+01,9.671428e+01,1.180985e+02
1.123279e+02,6.383786e+01,9.654215e+01,1.178883e+02
1.121290e+02,6.487292e+01,9.670776e+01,1.180898e+02
1.168932e+02,6.014654e+01,9.639434e+01,1.177059e+02
1.210754e+02,5.141058e+01,9.664294e+01,1.180127e+02
1.224986e+02,5.551858e+01,9.677198e+01,1.181699e+02
1.241242e+02,4.619115e+01,9.666866e+01,1.180388e+02
1.208985e+02,3.836168e+01,9.651752e+01,1.178538e+02
1.170655e+02,3.825087e+01,9.528490e+01,1.163515e+02
1.105864e+02,3.425914e+01,9.801396e+01,1.196869e+02
1.035021e+02,3.234994e+01,9.921184e+01,1.211486e+02
9.465787e+01,3.343237e+01,9.590472e+01,1.171105e+02
9.200237e+01,3.388504e+01,9.660478e+01,1.179657e+02
8.303057e+01,3.976931e+01,9.604369e+01,1.172795e+02
8.128811e+01,4.344443e+01,9.621551e+01,1.174883e+02
7.187870e+01,4.257699e+01,1.006222e+02,1.228682e+02
7.025635e+01,4.355555e+01,9.711137e+01,1.185748e+02
5.878019e+01,4.496515e+01,9.904702e+01,1.209291e+02
5.873350e+01,4.913341e+01,9.680842e+01,1.182151e+02
5.972952e+01,4.913211e+01,1.010523e+02,1.233939e+02
6.289588e+01,5.535229e+01,1.012322e+02,1.236077e+02
7.164695e+01,6.072641e+01,1.007730e+02,1.230418e+02
7.552462e+01,5.881486e+01,1.003779e+02,1.225679e+02
7.717061e+01,6.214440e+01,9.756674e+01,1.191376e+02
7.514960e+01,6.119400e+01,1.001680e+02,1.223132e+02
7.566881e+01,6.167993e+01,1.011736e+02,1.235427e+02
7.767918e+01,6.048270e+01,9.868371e+01,1.204888e+02
8.461691e+01,4.770678e+01,1.012387e+02,1.236163e+02
9.306888e+01,4.529570e+01,9.643128e+01,1.177572e+02
9.921324e+01,4.499650e+01,1.007983e+02,1.230895e+02
1.093949e+02,4.643814e+01,9.833773e+01,1.200839e+02
9.591527e+01,5.487889e+01,9.782768e+01,1.194622e+02
9.668372e+01,5.250481e+01,9.780315e+01,1.194325e+02
9.517772e+01,5.216692e+01,1.009201e+02,1.232262e+02
9.472110e+01,5.176967e+01,9.990450e+01,1.219953e+02
9.524973e+01,5.189399e+01,1.001825e+02,1.223292e+02
9.454675e+01,4.925545e+01,1.025035e+02,1.251608e+02
9.627464e+01,5.309059e+01,9.543523e+01,1.165339e+02
9.566281e+01,4.693216e+01,1.000878e+02,1.222135e+02
9.079274e+01,3.946725e+01,1.025921e+02,1.252723e+02
8.610081e+01,3.106227e+01,1.014667e+02,1.238862e+02
7.248169e+01,3.250345e+01,1.020604e+02,1.246204e+02
6.234034e+01,3.052736e+01,9.497752e+01,1.159726e+02
4.746764e+01,3.446523e+01,9.557932e+01,1.167157e+02
3.660994e+01,3.618402e+01,9.878116e+01,1.206151e+02
3.157297e+01,3.241303e+01,1.022888e+02,1.248909e+02
3.381973e+01,2.992235e+01,1.006719e+02,1.229082e+02
3.680136e+01,3.253196e+01,1.024767e+02,1.251326e+02
4.154428e+01,3.223105e+01,1.016073e+02,1.240674e+02
4.347576e+01,3.537495e+01,1.005471e+02,1.227631e+02
4.020575e+01,3.340530e+01,1.011732e+02,1.235422e+02
4.042466e+01,3.106164e+01,1.024996e+02,1.251651e+02
4.472098e+01,3.288638e+01,1.022771e+02,1.248672e+02
4.505522e+01,3.495531e+01,1.033653e+02,1.261971e+02
4.949837e+01,3.306639e+01,1.017315e+02,1.241910e+02
5.312590e+01,3.176229e+01,1.039222e+02,1.268676e+02
6.032138e+01,2.825438e+01,1.003089e+02,1.224711e+02
6.165129e+01,2.618958e+01,1.003541e+02,1.225477e+02
6.066294e+01,2.607411e+01,1.016899e+02,1.241514e+02
6.301332e+01,2.756245e+01,1.005297e+02,1.227397e+02
6.788625e+01,3.098719e+01,1.031527e+02,1.259630e+02
6.982644e+01,3.817969e+01,1.011275e+02,1.234720e+02
6.954100e+01,4.483597e+01,1.014440e+02,1.238587e+02
7.019034e+01,4.612877e+01,1.028234e+02,1.255580e+02
7.082761e+01,4.804883e+01,1.036593e+02,1.265798e+02
7.404650e+01,5.008400e+01,1.029427e+02,1.256695e+02
7.768944e+01,5.021383e+01,1.044849e+02,1.275702e+02
8.471053e+01,5.272968e+01,1.028959e+02,1.256232e+02
9.190364e+01,5.121805e+01,1.032202e+02,1.260464e+02
9.438929e+01,5.496273e+01,1.025446e+02,1.252089e+02
9.891132e+01,5.344814e+01,1.022878e+02,1.249072e+02
1.027759e+02,5.031382e+01,1.025078e+02,1.251740e+02
1.073815e+02,4.884735e+01,1.024404e+02,1.250943e+02
1.110464e+02,4.746915e+01,1.035856e+02,1.264917e+02
1.171474e+02,4.280838e+01,1.046621e+02,1.278068e+02
1.189675e+02,4.011152e+01,1.053412e+02,1.286378e+02
1.290059e+02,3.429172e+01,1.053453e+02,1.286421e+02
1.278249e+02,2.678637e+01,1.054550e+02,1.287760e+02
1.124599e+02,2.981494e+01,1.005105e+02,1.227378e+02
9.956335e+01,1.626616e+01,1.008087e+02,1.231024e+02
9.151252e+01,5.773484e+00,1.009232e+02,1.232388e+02
8.782823e+01,6.608879e+00,1.017850e+02,1.242653e+02
9.357879e+01,1.200637e+01,1.007799e+02,1.230404e+02
1.000801e+02,2.746829e+01,1.009366e+02,1.232545e+02
9.788648e+01,4.755829e+01,1.013273e+02,1.237129e+02
9.643168e+01,8.082705e+01,1.011367e+02,1.234683e+02
9.719827e+01,8.731367e+01,9.969987e+01,1.217194e+02
9.757134e+01,8.760427e+01,1.013288e+02,1.237000e+02
9.925592e+01,8.373312e+01,1.019721e+02,1.244974e+02
9.837777e+01,7.445282e+01,1.037341e+02,1.266157e+02
1.016101e+02,7.023505e+01,1.015453e+02,1.239672e+02
1.008556e+02,5.995522e+01,1.010781e+02,1.234001e+02
1.002509e+02,5.532594e+01,1.018100e+02,1.243033e+02
9.778586e+01,5.280591e+01,1.017114e+02,1.241679e+02
9.549186e+01,5.193381e+01,1.007198e+02,1.229664e+02
9.044824e+01,5.256056e+01,1.004837e+02,1.226676e+02
9.068115e+01,5.397188e+01,9.995453e+01,1.220276e+02
9.128809e+01,5.333187e+01,9.964892e+01,1.216640e+02
9.072351e+01,5.455945e+01,1.003466e+02,1.224965e+02
9.006723e+01,5.735633e+01,9.989091e+01,1.219407e+02
8.863530e+01,5.757203e+01,9.988114e+01,1.219503e+02
8.969132e+01,5.820996e+01,9.978747e+01,1.218093e+02
9.136015e+01,5.715382e+01,9.907722e+01,1.209506e+02
9.034039e+01,5.623450e+01,1.014876e+02,1.239011e+02
9.190875e+01,5.809165e+01,9.876978e+01,1.205893e+02
8.799694e+01,5.996971e+01,9.990586e+01,1.219437e+02
8.792159e+01,5.870858e+01,1.007319e+02,1.229727e+02
8.928331e+01,5.910197e+01,9.749448e+01,1.190333e+02
8.764699e+01,5.873055e+01,9.823327e+01,1.199402e+02
8.540517e+01,5.877635e+01,1.006646e+02,1.228995e+02
8.577719e+01,5.797406e+01,9.975442e+01,1.217981e+02
8.652880e+01,6.074462e+01,9.693807e+01,1.183476e+02
8.746588e+01,5.823614e+01,9.653073e+01,1.178516e+02
8.532997e+01,5.869951e+01,1.010211e+02,1.233149e+02
8.951658e+01,5.847602e+01,9.655985e+01,1.178873e+02
9.098741e+01,5.718465e+01,1.005856e+02,1.227946e+02
9.951120e+01,6.008549e+01,9.766420e+01,1.192347e+02
9.703162e+01,5.890422e+01,9.820798e+01,1.199126e+02
1.001056e+02,6.006702e+01,9.686037e+01,1.182494e+02
1.002063e+02,6.125635e+01,9.695608e+01,1.183490e+02
1.013893e+02,6.062114e+01,9.746167e+01,1.189746e+02
1.013257e+02,5.985942e+01,9.892619e+01,1.207844e+02
9.990811e+01,5.841930e+01,1.003362e+02,1.224608e+02
1.055810e+02,6.031824e+01,9.724015e+01,1.187264e+02
1.039770e+02,5.650046e+01,9.893571e+01,1.207995e+02
1.047945e+02,5.663740e+01,9.963289e+01,1.216445e+02
1.026931e+02,5.672972e+01,9.927669e+01,1.212091e+02
1.057740e+02,5.680472e+01,1.000604e+02,1.221566e+02
1.067721e+02,5.718487e+01,9.704422e+01,1.184901e+02
1.003398e+02,5.574599e+01,1.018367e+02,1.243568e+02
1.059764e+02,5.556617e+01,1.001284e+02,1.222510e+02
1.044282e+02,5.538698e+01,9.748883e+01,1.190022e+02
8.860069e+01,5.001877e+01,9.795838e+01,1.195952e+02
8.848541e+01,5.225870e+01,9.939222e+01,1.213221e+02
8.952612e+01,5.247042e+01,1.023877e+02,1.250257e+02
8.781074e+01,5.162049e+01,1.016865e+02,1.241673e+02
8.900121e+01,5.090361e+01,9.946287e+01,1.214368e+02
8.722183e+01,5.192512e+01,1.013748e+02,1.237910e+02
8.778420e+01,5.121652e+01,1.014089e+02,1.238280e+02
8.639775e+01,5.276806e+01,1.004917e+02,1.227103e+02
8.628716e+01,5.215593e+01,1.013796e+02,1.237746e+02
8.531451e+01,5.350487e+01,1.007800e+02,1.230640e+02
8.520255e+01,5.236799e+01,1.031767e+02,1.259855e+02
8.524540e+01,5.125261e+01,1.022633e+02,1.248740e+02
8.636068e+01,5.066580e+01,1.026858e+02,1.253655e+02
8.797636e+01,5.038640e+01,1.029130e+02,1.256296e+02
8.738233e+01,5.202889e+01,1.021382e+02,1.247005e+02
8.741307e+01,5.121394e+01,1.017813e+02,1.242757e+02
8.913762e+01,5.014248e+01,1.035072e+02,1.263502e+02
9.000362e+01,5.075779e+01,1.026412e+02,1.253223e+02
9.388496e+01,4.929544e+01,9.819377e+01,1.198777e+02
9.137550e+01,4.819342e+01,1.021086e+02,1.246688e+02
9.487437e+01,5.068629e+01,1.005997e+02,1.228194e+02
8.377781e+01,5.763445e+01,9.688965e+01,1.182857e+02
9.701004e+01,5.153633e+01,1.025300e+02,1.251914e+02
9.486022e+01,4.749082e+01,1.045951e+02,1.276691e+02
1.090924e+02,5.290421e+01,1.046026e+02,1.277264e+02
1.105591e+02,5.646995e+01,1.023027e+02,1.249270e+02
1.081307e+02,5.643362e+01,1.026031e+02,1.252692e+02
1.118597e+02,5.635036e+01,1.014028e+02,1.238201e+02
1.128008e+02,5.606261e+01,1.022533e+02,1.248581e+02
1.090395e+02,5.311971e+01,1.053657e+02,1.286523e+02
1.162800e+02,5.719923e+01,9.839376e+01,1.201524e+02
1.169395e+02,5.687198e+01,9.855185e+01,1.203454e+02
1.144242e+02,5.677955e+01,1.037839e+02,1.267293e+02
1.164938e+02,5.742650e+01,1.011585e+02,1.235185e+02
1.167466e+02,5.833678e+01,1.005002e+02,1.227238e+02
1.148319e+02,5.687318e+01,1.035874e+02,1.264877e+02
1.160162e+02,5.668919e+01,1.022300e+02,1.248228e+02
1.146655e+02,5.639868e+01,1.038932e+02,1.268557e+02
9.503122e+01,5.032044e+01,1.052558e+02,1.284738e+02
9.860481e+01,5.219280e+01,1.028681e+02,1.256015e+02
9.612676e+01,5.141453e+01,1.052142e+02,1.284645e+02
9.450396e+01,5.162772e+01,1.063043e+02,1.297507e+02
9.544255e+01,5.067693e+01,1.053373e+02,1.285744e+02
9.626911e+01,5.157029e+01,1.036468e+02,1.265577e+02
9.438433e+01,5.050749e+01,1.063397e+02,1.297928e+02
9.297470e+01,5.122868e+01,1.052221e+02,1.284264e+02
9.298982e+01,5.091755e+01,1.058249e+02,1.292106e+02
9.125471e+01,5.129457e+01,1.066465e+02,1.301377e+02
9.176209e+01,5.069260e+01,1.062665e+02,1.297554e+02
9.115235e+01,5.067105e+01,1.085265e+02,1.325228e+02
9.186537e+01,5.051894e+01,1.057439e+02,1.290726e+02
9.157425e+01,5.062665e+01,1.071309e+02,1.307724e+02
9.136344e+01,5.027600e+01,1.063092e+02,1.297632e+02
9.122042e+01,5.208097e+01,1.048354e+02,1.279746e+02
9.267103e+01,5.091452e+01,1.067430e+02,1.302694e+02
9.077373e+01,4.969240e+01,1.090259e+02,1.331357e+02
9.263563e+01,5.082023e+01,1.072039e+02,1.308290e+02
9.370736e+01,4.982947e+01,1.079161e+02,1.317814e+02
9.562224e+01,4.953169e+01,1.056156e+02,1.289670e+02
9.447954e+01,4.902943e+01,1.080521e+02,1.318815e+02
9.501081e+01,5.027669e+01,1.081880e+02,1.321140e+02
9.577920e+01,5.022729e+01,1.083543e+02,1.323164e+02
9.513402e+01,4.977142e+01,1.098857e+02,1.341816e+02
9.518413e+01,5.009223e+01,1.086617e+02,1.326917e+02
