40,199,61,103
3.988751e+01,1.987097e+02,6.113091e+01,1.032205e+02
3.964091e+01,1.983271e+02,6.124855e+01,1.034197e+02
3.970755e+01,1.977661e+02,6.090695e+01,1.028429e+02
3.948566e+01,1.975206e+02,6.002520e+01,1.013538e+02
3.802033e+01,1.944904e+02,6.282214e+01,1.060764e+02
3.813869e+01,1.949775e+02,6.101397e+01,1.030234e+02
3.749666e+01,1.930144e+02,6.286904e+01,1.061551e+02
3.738524e+01,1.929009e+02,6.093673e+01,1.028926e+02
3.633050e+01,1.915007e+02,6.166326e+01,1.041182e+02
3.700815e+01,1.894896e+02,6.121569e+01,1.033630e+02
3.537108e+01,1.854353e+02,6.325086e+01,1.068005e+02
3.456997e+01,1.824160e+02,6.277887e+01,1.060034e+02
3.405736e+01,1.784181e+02,6.323681e+01,1.067769e+02
3.523335e+01,1.746765e+02,6.170957e+01,1.041981e+02
3.430849e+01,1.685727e+02,6.296762e+01,1.063204e+02
3.579998e+01,1.642298e+02,6.137467e+01,1.036324e+02
3.685137e+01,1.562502e+02,6.220417e+01,1.050332e+02
3.654552e+01,1.480522e+02,6.313976e+01,1.066129e+02
3.746275e+01,1.405265e+02,6.348989e+01,1.072042e+02
4.057626e+01,1.334074e+02,6.419193e+01,1.083885e+02
4.190039e+01,1.274653e+02,6.390482e+01,1.079044e+02
4.435062e+01,1.210816e+02,6.484311e+01,1.094863e+02
4.778635e+01,1.147494e+02,6.479242e+01,1.094006e+02
5.176038e+01,1.099118e+02,6.462560e+01,1.091193e+02
5.599869e+01,1.019883e+02,6.664642e+01,1.125333e+02
5.980961e+01,9.713002e+01,6.717900e+01,1.134317e+02
6.528309e+01,9.138763e+01,6.723974e+01,1.135346e+02
7.173950e+01,8.692956e+01,6.642817e+01,1.121642e+02
8.009654e+01,8.339495e+01,6.693801e+01,1.130265e+02
8.930441e+01,7.665860e+01,6.514708e+01,1.100003e+02
9.644974e+01,7.189252e+01,6.469336e+01,1.092346e+02
1.033413e+02,6.663735e+01,6.621751e+01,1.117955e+02
1.126956e+02,6.135267e+01,6.659949e+01,1.124512e+02
1.238814e+02,5.715432e+01,6.567648e+01,1.108824e+02
1.297568e+02,5.287654e+01,6.915911e+01,1.167765e+02
1.397808e+02,5.121067e+01,6.895481e+01,1.164150e+02
1.500565e+02,4.847878e+01,6.698006e+01,1.130908e+02
1.611009e+02,4.482745e+01,6.922385e+01,1.168861e+02
1.706089e+02,4.284292e+01,6.828671e+01,1.153038e+02
1.803614e+02,4.025351e+01,6.822026e+01,1.151902e+02
1.904252e+02,3.724764e+01,6.988712e+01,1.180059e+02
1.988919e+02,3.794925e+01,6.808840e+01,1.149673e+02
2.069844e+02,3.613100e+01,6.895534e+01,1.164322e+02
2.171383e+02,3.664784e+01,6.776509e+01,1.144224e+02
2.240446e+02,3.858970e+01,6.684016e+01,1.128435e+02
2.308151e+02,4.017275e+01,6.623004e+01,1.118295e+02
2.386517e+02,4.128549e+01,6.747927e+01,1.139295e+02
2.449339e+02,4.305274e+01,6.681372e+01,1.128101e+02
2.505915e+02,4.449531e+01,6.679757e+01,1.127824e+02
2.566816e+02,4.662966e+01,6.605884e+01,1.115272e+02
2.594521e+02,4.770437e+01,6.648590e+01,1.122479e+02
2.646926e+02,5.138177e+01,6.581580e+01,1.111117e+02
2.696774e+02,5.409697e+01,6.562755e+01,1.108091e+02
2.717659e+02,5.647892e+01,6.533605e+01,1.103183e+02
2.756138e+02,6.045134e+01,6.474328e+01,1.093197e+02
2.801116e+02,6.324410e+01,6.466123e+01,1.091816e+02
2.825469e+02,6.638068e+01,6.527547e+01,1.101930e+02
2.891316e+02,7.164642e+01,6.358436e+01,1.073609e+02
2.901274e+02,7.457689e+01,6.410807e+01,1.082251e+02
2.942028e+02,7.948525e+01,6.453210e+01,1.089498e+02
2.983277e+02,8.500774e+01,6.360571e+01,1.073754e+02
3.012370e+02,8.898895e+01,6.487556e+01,1.095251e+02
3.072828e+02,9.422659e+01,6.342943e+01,1.070982e+02
3.119741e+02,9.766027e+01,6.451235e+01,1.089107e+02
3.163445e+02,1.038859e+02,6.385167e+01,1.078091e+02
3.215643e+02,1.082106e+02,6.285428e+01,1.061298e+02
3.255547e+02,1.136704e+02,6.327397e+01,1.068393e+02
3.301205e+02,1.199849e+02,6.209977e+01,1.048498e+02
3.344376e+02,1.237271e+02,6.404982e+01,1.081478e+02
3.407027e+02,1.316238e+02,6.269210e+01,1.058553e+02
3.444139e+02,1.373340e+02,6.183205e+01,1.044033e+02
3.485296e+02,1.427367e+02,6.246073e+01,1.054657e+02
3.533370e+02,1.503394e+02,6.121109e+01,1.033386e+02
3.561414e+02,1.570525e+02,6.317174e+01,1.066563e+02
3.582646e+02,1.638507e+02,6.291661e+01,1.062220e+02
3.622565e+02,1.694734e+02,6.220272e+01,1.050262e+02
3.628711e+02,1.758340e+02,6.285836e+01,1.061338e+02
3.667499e+02,1.829412e+02,6.178990e+01,1.043335e+02
3.674280e+02,1.894877e+02,5.991963e+01,1.011695e+02
3.667344e+02,1.941829e+02,6.134062e+01,1.035746e+02
3.673928e+02,1.994134e+02,6.142952e+01,1.037045e+02
3.680068e+02,2.039440e+02,6.037061e+01,1.019237e+02
3.659047e+02,2.058368e+02,6.215479e+01,1.049444e+02
3.657373e+02,2.076573e+02,6.125733e+01,1.034338e+02
3.646436e+02,2.095398e+02,5.972245e+01,1.008251e+02
3.649773e+02,2.099670e+02,5.996269e+01,1.012481e+02
3.637471e+02,2.101331e+02,5.950828e+01,1.004521e+02
3.626342e+02,2.098736e+02,5.866759e+01,9.904264e+01
3.618376e+02,2.075754e+02,5.923019e+01,1.000095e+02
3.618478e+02,2.056140e+02,5.909571e+01,9.977057e+01
3.641859e+02,2.035475e+02,5.830813e+01,9.843545e+01
3.648604e+02,2.010530e+02,5.795682e+01,9.785519e+01
3.631789e+02,1.974090e+02,5.869602e+01,9.909627e+01
3.654077e+02,1.918935e+02,6.132540e+01,1.035295e+02
3.641723e+02,1.879329e+02,6.214053e+01,1.049250e+02
3.658089e+02,1.840008e+02,6.228241e+01,1.051400e+02
3.694255e+02,1.793668e+02,6.119781e+01,1.033315e+02
3.697066e+02,1.758594e+02,6.264551e+01,1.057630e+02
3.694292e+02,1.698557e+02,6.233105e+01,1.052334e+02
3.696862e+02,1.649394e+02,6.124644e+01,1.033874e+02
3.699859e+02,1.583800e+02,6.301546e+01,1.063790e+02
3.678211e+02,1.519699e+02,6.416058e+01,1.083154e+02
3.671979e+02,1.471129e+02,6.339105e+01,1.070217e+02
3.658465e+02,1.419202e+02,6.237164e+01,1.052846e+02
3.633575e+02,1.368247e+02,6.603457e+01,1.114828e+02
3.618640e+02,1.327339e+02,6.517294e+01,1.100300e+02
3.576603e+02,1.282216e+02,6.476382e+01,1.093408e+02
3.534394e+02,1.251962e+02,6.540284e+01,1.104157e+02
3.478944e+02,1.220161e+02,6.466368e+01,1.091663e+02
3.421606e+02,1.200673e+02,6.624116e+01,1.118188e+02
3.360913e+02,1.191504e+02,6.555993e+01,1.106970e+02
3.308056e+02,1.186057e+02,6.696800e+01,1.130761e+02
3.237965e+02,1.181337e+02,6.621669e+01,1.118079e+02
3.157441e+02,1.169130e+02,6.708464e+01,1.132520e+02
3.089749e+02,1.162702e+02,6.775588e+01,1.143847e+02
3.005351e+02,1.156890e+02,6.752838e+01,1.140009e+02
2.935992e+02,1.155873e+02,6.850643e+01,1.156505e+02
2.866422e+02,1.160188e+02,6.871982e+01,1.160068e+02
2.804637e+02,1.171796e+02,6.724229e+01,1.135402e+02
2.733143e+02,1.165720e+02,6.918342e+01,1.167947e+02
2.668096e+02,1.181626e+02,6.919863e+01,1.168315e+02
2.599394e+02,1.154442e+02,7.128678e+01,1.203535e+02
2.550545e+02,1.175401e+02,7.140926e+01,1.205521e+02
2.486124e+02,1.179376e+02,7.074615e+01,1.194264e+02
2.425889e+02,1.188829e+02,7.218391e+01,1.218564e+02
2.393887e+02,1.222716e+02,7.230161e+01,1.220653e+02
2.344382e+02,1.229362e+02,7.303072e+01,1.232886e+02
2.311413e+02,1.239661e+02,7.393452e+01,1.248091e+02
2.274627e+02,1.268489e+02,7.408738e+01,1.250771e+02
2.225750e+02,1.283632e+02,7.531398e+01,1.271353e+02
2.226895e+02,1.302805e+02,7.493459e+01,1.264978e+02
2.207811e+02,1.332187e+02,7.591274e+01,1.281408e+02
2.216739e+02,1.362540e+02,7.348313e+01,1.240503e+02
2.215612e+02,1.406340e+02,7.492108e+01,1.264687e+02
2.230147e+02,1.438680e+02,7.473074e+01,1.261546e+02
2.246433e+02,1.472416e+02,7.410724e+01,1.250647e+02
2.268722e+02,1.514710e+02,7.369339e+01,1.244067e+02
2.309322e+02,1.551141e+02,7.219115e+01,1.218673e+02
2.366215e+02,1.573210e+02,7.195552e+01,1.214513e+02
2.420990e+02,1.591407e+02,7.130573e+01,1.203685e+02
2.462531e+02,1.588956e+02,7.171899e+01,1.210709e+02
2.503243e+02,1.608299e+02,7.019902e+01,1.184930e+02
2.548075e+02,1.592633e+02,7.251957e+01,1.224308e+02
2.635579e+02,1.580225e+02,7.095350e+01,1.197916e+02
2.693317e+02,1.592914e+02,7.040558e+01,1.188328e+02
2.737909e+02,1.577914e+02,6.926085e+01,1.169104e+02
2.838330e+02,1.590301e+02,6.919209e+01,1.168088e+02
2.902020e+02,1.601635e+02,6.906048e+01,1.165928e+02
2.943433e+02,1.612666e+02,6.921826e+01,1.168735e+02
2.998904e+02,1.626115e+02,6.796502e+01,1.147582e+02
3.062535e+02,1.645229e+02,6.552780e+01,1.106427e+02
3.099788e+02,1.649708e+02,6.698820e+01,1.131103e+02
3.150222e+02,1.671586e+02,6.480154e+01,1.094167e+02
3.186813e+02,1.684152e+02,6.520445e+01,1.100958e+02
3.211483e+02,1.706957e+02,6.439545e+01,1.087303e+02
3.237211e+02,1.722930e+02,6.388911e+01,1.078766e+02
3.279285e+02,1.746781e+02,6.278290e+01,1.060071e+02
3.308310e+02,1.781195e+02,6.248465e+01,1.055066e+02
3.320035e+02,1.795409e+02,6.206192e+01,1.047915e+02
3.320924e+02,1.798899e+02,6.269791e+01,1.058651e+02
3.355029e+02,1.811699e+02,6.065633e+01,1.024191e+02
3.364298e+02,1.816538e+02,6.125942e+01,1.034378e+02
3.400052e+02,1.816282e+02,5.977301e+01,1.009240e+02
3.396936e+02,1.795014e+02,6.182348e+01,1.043898e+02
3.423771e+02,1.795316e+02,6.024782e+01,1.017298e+02
3.443687e+02,1.783752e+02,6.098425e+01,1.029734e+02
3.479563e+02,1.770243e+02,6.038989e+01,1.019698e+02
3.493628e+02,1.758795e+02,6.062793e+01,1.023714e+02
3.533826e+02,1.750217e+02,6.123649e+01,1.033957e+02
3.575287e+02,1.718006e+02,6.200368e+01,1.046912e+02
3.622547e+02,1.714365e+02,6.098141e+01,1.029677e+02
3.641032e+02,1.697159e+02,6.346760e+01,1.071623e+02
3.693239e+02,1.688679e+02,6.157977e+01,1.039729e+02
3.734539e+02,1.676745e+02,6.162000e+01,1.040462e+02
3.768574e+02,1.689192e+02,6.264347e+01,1.057746e+02
3.814819e+02,1.683166e+02,6.165092e+01,1.040983e+02
3.858247e+02,1.677117e+02,6.191768e+01,1.045481e+02
3.901882e+02,1.683651e+02,6.076721e+01,1.026068e+02
3.932969e+02,1.667190e+02,6.253709e+01,1.055925e+02
3.976731e+02,1.643681e+02,6.297153e+01,1.063289e+02
4.000693e+02,1.646997e+02,6.207634e+01,1.048120e+02
4.055042e+02,1.625600e+02,6.214733e+01,1.049338e+02
4.095185e+02,1.615567e+02,5.902507e+01,9.966464e+01
4.143676e+02,1.605642e+02,5.823459e+01,9.832938e+01
4.179206e+02,1.584081e+02,5.892635e+01,9.949857e+01
4.207164e+02,1.565515e+02,5.935145e+01,1.002156e+02
4.246957e+02,1.542386e+02,5.853390e+01,9.882608e+01
4.278011e+02,1.513216e+02,5.824528e+01,9.834855e+01
4.305611e+02,1.480377e+02,5.958180e+01,1.006052e+02
4.337197e+02,1.461169e+02,5.843913e+01,9.867516e+01
4.371992e+02,1.463885e+02,5.723195e+01,9.663725e+01
4.397250e+02,1.445526e+02,5.817469e+01,9.822762e+01
4.417901e+02,1.446240e+02,5.572217e+01,9.408823e+01
4.443175e+02,1.439315e+02,5.626372e+01,9.500262e+01
4.466102e+02,1.434806e+02,5.521696e+01,9.323429e+01
4.480811e+02,1.438769e+02,5.523493e+01,9.326523e+01
4.501106e+02,1.442032e+02,5.684218e+01,9.597812e+01
4.524759e+02,1.462409e+02,5.539565e+01,9.353676e+01
4.542450e+02,1.476154e+02,5.607046e+01,9.467290e+01
4.568005e+02,1.497487e+02,5.560677e+01,9.389135e+01
4.578558e+02,1.509223e+02,5.589197e+01,9.437228e+01
4.604074e+02,1.504129e+02,5.517039e+01,9.315621e+01
4.624350e+02,1.504784e+02,5.534352e+01,9.344300e+01
4.634197e+02,1.480851e+02,5.497937e+01,9.283197e+01
4.637735e+02,1.441785e+02,5.574278e+01,9.412297e+01
4.641232e+02,1.390799e+02,5.577349e+01,9.417093e+01
4.655769e+02,1.348707e+02,5.481993e+01,9.256427e+01
4.646955e+02,1.282828e+02,5.536312e+01,9.347584e+01
4.630322e+02,1.224245e+02,5.765380e+01,9.734986e+01
4.627767e+02,1.196191e+02,5.520266e+01,9.319519e+01
4.590384e+02,1.128381e+02,5.588064e+01,9.435342e+01
4.570508e+02,1.057262e+02,5.669283e+01,9.572695e+01
4.497838e+02,9.764321e+01,5.829172e+01,9.841350e+01
4.446460e+02,8.915139e+01,5.838329e+01,9.856705e+01
4.380213e+02,8.379013e+01,5.858218e+01,9.889857e+01
4.317962e+02,7.924652e+01,5.699960e+01,9.623086e+01
4.226416e+02,7.495464e+01,5.783734e+01,9.765031e+01
4.108269e+02,6.800770e+01,6.132323e+01,1.035307e+02
3.992474e+02,6.392166e+01,6.285417e+01,1.061246e+02
3.837588e+02,5.771830e+01,6.099509e+01,1.029791e+02
3.690603e+02,5.110875e+01,6.313263e+01,1.065916e+02
3.534991e+02,4.697053e+01,5.965032e+01,1.007076e+02
3.370234e+02,4.157061e+01,6.124872e+01,1.033970e+02
3.192014e+02,3.933847e+01,6.124083e+01,1.033954e+02
2.995557e+02,3.503568e+01,6.285368e+01,1.061265e+02
2.847279e+02,3.639482e+01,5.965921e+01,1.007190e+02
2.669694e+02,3.201524e+01,5.975811e+01,1.008900e+02
2.512699e+02,2.760579e+01,6.190457e+01,1.045066e+02
2.335969e+02,2.566493e+01,6.138783e+01,1.036396e+02
2.169491e+02,2.485022e+01,6.042252e+01,1.020067e+02
1.961751e+02,2.204230e+01,6.062995e+01,1.023588e+02
1.827998e+02,2.170293e+01,5.826002e+01,9.835842e+01
1.661249e+02,1.947949e+01,5.725537e+01,9.665613e+01
1.543977e+02,1.634452e+01,5.906175e+01,9.971715e+01
1.396669e+02,1.388199e+01,6.152490e+01,1.038562e+02
1.233792e+02,1.078252e+01,6.248611e+01,1.054755e+02
1.150012e+02,1.115750e+01,6.119341e+01,1.033195e+02
1.069404e+02,1.338594e+01,6.099375e+01,1.029770e+02
9.875936e+01,1.805939e+01,5.531220e+01,9.337529e+01
8.464495e+01,1.824166e+01,5.899760e+01,9.958146e+01
7.310752e+01,1.927548e+01,6.294968e+01,1.062581e+02
6.837626e+01,2.567676e+01,5.856697e+01,9.885058e+01
5.983549e+01,2.957908e+01,6.059605e+01,1.023020e+02
5.676877e+01,3.953613e+01,5.665211e+01,9.564632e+01
4.904958e+01,4.300698e+01,5.830011e+01,9.843079e+01
4.243424e+01,5.052434e+01,5.843965e+01,9.864895e+01
4.116446e+01,5.942442e+01,5.580066e+01,9.420384e+01
3.419310e+01,6.430032e+01,5.784713e+01,9.766977e+01
3.349944e+01,6.972787e+01,5.805097e+01,9.800360e+01
2.863378e+01,7.761068e+01,5.810791e+01,9.810593e+01
2.981284e+01,8.924812e+01,5.218260e+01,8.809631e+01
2.668710e+01,9.555689e+01,5.340934e+01,9.015500e+01
2.250954e+01,9.980809e+01,5.596628e+01,9.448607e+01
1.811939e+01,1.069157e+02,5.872693e+01,9.915438e+01
1.737135e+01,1.120727e+02,5.815567e+01,9.818658e+01
1.558898e+01,1.171027e+02,5.752778e+01,9.713050e+01
1.364309e+01,1.262489e+02,5.389432e+01,9.098646e+01
1.328991e+01,1.305982e+02,5.488415e+01,9.266663e+01
1.438105e+01,1.363160e+02,5.412270e+01,9.138225e+01
1.356880e+01,1.385614e+02,5.384477e+01,9.091384e+01
1.439193e+01,1.410902e+02,5.488005e+01,9.266166e+01
1.467527e+01,1.462929e+02,5.301690e+01,8.951091e+01
1.685349e+01,1.510873e+02,5.185662e+01,8.755571e+01
1.693572e+01,1.541188e+02,5.311008e+01,8.966875e+01
1.809486e+01,1.569020e+02,5.319237e+01,8.980316e+01
1.750191e+01,1.605227e+02,5.246274e+01,8.857262e+01
2.030703e+01,1.649354e+02,5.224090e+01,8.820144e+01
2.232880e+01,1.678673e+02,5.221570e+01,8.815273e+01
2.483652e+01,1.723394e+02,5.246400e+01,8.857103e+01
2.614589e+01,1.768381e+02,5.245998e+01,8.856451e+01
2.914676e+01,1.810519e+02,5.100343e+01,8.610313e+01
2.860022e+01,1.837891e+02,5.339957e+01,9.016452e+01
3.208519e+01,1.877391e+02,5.396595e+01,9.110162e+01
3.478746e+01,1.931873e+02,5.116178e+01,8.638059e+01
3.602608e+01,1.964104e+02,5.400329e+01,9.117997e+01
3.915261e+01,2.014404e+02,5.409186e+01,9.133505e+01
4.269052e+01,2.058540e+02,5.316569e+01,8.977143e+01
4.725479e+01,2.095748e+02,5.131447e+01,8.664185e+01
4.641889e+01,2.113047e+02,5.356735e+01,9.044466e+01
4.897053e+01,2.156977e+02,5.170423e+01,8.730384e+01
5.134376e+01,2.186599e+02,5.221580e+01,8.815863e+01
5.450166e+01,2.210656e+02,5.216305e+01,8.807802e+01
5.492603e+01,2.230617e+02,5.333925e+01,9.006025e+01
5.708529e+01,2.266112e+02,5.129607e+01,8.660456e+01
5.893724e+01,2.289937e+02,5.078330e+01,8.573570e+01
6.028131e+01,2.304401e+02,5.147158e+01,8.690912e+01
6.346548e+01,2.342591e+02,4.822999e+01,8.143583e+01
6.403395e+01,2.367593e+02,4.865065e+01,8.214724e+01
6.432718e+01,2.374473e+02,5.045067e+01,8.518607e+01
6.406477e+01,2.399243e+02,4.933063e+01,8.329371e+01
6.624389e+01,2.406261e+02,4.914119e+01,8.297571e+01
6.623404e+01,2.403731e+02,5.006612e+01,8.453663e+01
6.663446e+01,2.410143e+02,5.082242e+01,8.581237e+01
6.784403e+01,2.416172e+02,5.032830e+01,8.497492e+01
6.962494e+01,2.416372e+02,5.053935e+01,8.533104e+01
6.971437e+01,2.425445e+02,4.970065e+01,8.392076e+01
7.007459e+01,2.435664e+02,5.030773e+01,8.494303e+01
7.169654e+01,2.445668e+02,4.964230e+01,8.381902e+01
7.243860e+01,2.443601e+02,5.031507e+01,8.495750e+01
7.476500e+01,2.465859e+02,4.841034e+01,8.174050e+01
7.307916e+01,2.473577e+02,5.031552e+01,8.495172e+01
7.340104e+01,2.477335e+02,5.092615e+01,8.598796e+01
7.483711e+01,2.478006e+02,5.188093e+01,8.759982e+01
7.365859e+01,2.492571e+02,5.199108e+01,8.778328e+01
7.575332e+01,2.495641e+02,5.191459e+01,8.765899e+01
7.607111e+01,2.514666e+02,5.184414e+01,8.753685e+01
7.711878e+01,2.530050e+02,5.022006e+01,8.477142e+01
7.692766e+01,2.549946e+02,5.062047e+01,8.547208e+01
7.795078e+01,2.573823e+02,4.932756e+01,8.328570e+01
7.684279e+01,2.593788e+02,4.946996e+01,8.352472e+01
7.721601e+01,2.610038e+02,4.947585e+01,8.353843e+01
7.558774e+01,2.626783e+02,5.110699e+01,8.629075e+01
7.692309e+01,2.648266e+02,5.004522e+01,8.449884e+01
7.565615e+01,2.670464e+02,5.032270e+01,8.496450e+01
7.482130e+01,2.687582e+02,4.986045e+01,8.418692e+01
7.577639e+01,2.700788e+02,5.103992e+01,8.618174e+01
7.564908e+01,2.727447e+02,4.860702e+01,8.207269e+01
7.687132e+01,2.739297e+02,4.777437e+01,8.066575e+01
7.655002e+01,2.742535e+02,4.846736e+01,8.183309e+01
7.616434e+01,2.731757e+02,4.860316e+01,8.206643e+01
7.497929e+01,2.727978e+02,4.905459e+01,8.280017e+01
7.607239e+01,2.733333e+02,4.896323e+01,8.263795e+01
7.812224e+01,2.749925e+02,4.760813e+01,8.035605e+01
7.761961e+01,2.780989e+02,4.796592e+01,8.096477e+01
7.921107e+01,2.797609e+02,4.644650e+01,7.839904e+01
7.981526e+01,2.805386e+02,4.687783e+01,7.914001e+01
8.177618e+01,2.827808e+02,4.461435e+01,7.529099e+01
8.257568e+01,2.841563e+02,4.474096e+01,7.551534e+01
7.961895e+01,2.816956e+02,4.617176e+01,7.792117e+01
8.219520e+01,2.851952e+02,4.308849e+01,7.272680e+01
8.225212e+01,2.843417e+02,4.439912e+01,7.492961e+01
8.021319e+01,2.905461e+02,4.489170e+01,7.575812e+01
8.037735e+01,2.898655e+02,4.637163e+01,7.825280e+01
8.372333e+01,2.860706e+02,4.261258e+01,7.190532e+01
8.494214e+01,2.865494e+02,4.186320e+01,7.063550e+01
8.351475e+01,2.872953e+02,4.162805e+01,7.024169e+01
8.527611e+01,2.901435e+02,4.135651e+01,6.980758e+01
8.677570e+01,2.887756e+02,4.147657e+01,6.997451e+01
8.796494e+01,2.893052e+02,3.966179e+01,6.691222e+01
8.407493e+01,2.860143e+02,4.311382e+01,7.274838e+01
8.555240e+01,2.872335e+02,4.295308e+01,7.248049e+01
8.618916e+01,2.897027e+02,4.132786e+01,6.974788e+01
8.494174e+01,2.867427e+02,4.304160e+01,7.263209e+01
8.627405e+01,2.882563e+02,4.129188e+01,6.968465e+01
8.645760e+01,2.881644e+02,4.220234e+01,7.122455e+01
8.665445e+01,2.876105e+02,4.288694e+01,7.238001e+01
8.602995e+01,2.884580e+02,4.204561e+01,7.095784e+01
8.620966e+01,2.880085e+02,4.189975e+01,7.071350e+01
8.622295e+01,2.883901e+02,4.178405e+01,7.051886e+01
8.518080e+01,2.874500e+02,4.243661e+01,7.160157e+01
8.494527e+01,2.873428e+02,4.279980e+01,7.220741e+01
8.607394e+01,2.873466e+02,4.277333e+01,7.218372e+01
8.570784e+01,2.884912e+02,4.144267e+01,6.994743e+01
8.603800e+01,2.878427e+02,4.154125e+01,7.008806e+01
8.450874e+01,2.871063e+02,4.265595e+01,7.196652e+01
8.624646e+01,2.873988e+02,4.222484e+01,7.123762e+01
8.509560e+01,2.869496e+02,4.277486e+01,7.215960e+01
8.520695e+01,2.868593e+02,4.262522e+01,7.191579e+01
8.550264e+01,2.870097e+02,4.281488e+01,7.224558e+01
8.551036e+01,2.868937e+02,4.264309e+01,7.195580e+01
8.540574e+01,2.868536e+02,4.253606e+01,7.177583e+01
8.386428e+01,2.840200e+02,4.546322e+01,7.671090e+01
8.476810e+01,2.857068e+02,4.223444e+01,7.127224e+01
8.357789e+01,2.846658e+02,4.324834e+01,7.297728e+01
8.372392e+01,2.841627e+02,4.469488e+01,7.540581e+01
8.165423e+01,2.807307e+02,4.688741e+01,7.912177e+01
8.347303e+01,2.842525e+02,4.410068e+01,7.437883e+01
7.552463e+01,2.764960e+02,4.243656e+01,7.159010e+01
7.438551e+01,2.714869e+02,4.248986e+01,7.168800e+01
7.092788e+01,2.684370e+02,4.331714e+01,7.307144e+01
6.709454e+01,2.605871e+02,4.527759e+01,7.636822e+01
6.564840e+01,2.543682e+02,4.611852e+01,7.781158e+01
6.552130e+01,2.492195e+02,4.593581e+01,7.750598e+01
6.522387e+01,2.408240e+02,4.697850e+01,7.924421e+01
6.165153e+01,2.320874e+02,4.797179e+01,8.094407e+01
6.259437e+01,2.242824e+02,4.664213e+01,7.869433e+01
6.475575e+01,2.170527e+02,4.435284e+01,7.483783e+01
6.314613e+01,2.071100e+02,4.569492e+01,7.712210e+01
6.201188e+01,1.961210e+02,4.795296e+01,8.090140e+01
6.068797e+01,1.868416e+02,4.766129e+01,8.041955e+01
6.213423e+01,1.784320e+02,4.844552e+01,8.173985e+01
6.191880e+01,1.721545e+02,4.881291e+01,8.235504e+01
6.433275e+01,1.648177e+02,4.746391e+01,8.008140e+01
6.433512e+01,1.594056e+02,4.823268e+01,8.138214e+01
6.725523e+01,1.525902e+02,4.907663e+01,8.278428e+01
6.982721e+01,1.448591e+02,5.034561e+01,8.491353e+01
7.263340e+01,1.388256e+02,5.101470e+01,8.604066e+01
7.901529e+01,1.366223e+02,4.844141e+01,8.171309e+01
8.330544e+01,1.304596e+02,5.012524e+01,8.459552e+01
8.805373e+01,1.262725e+02,5.028111e+01,8.481124e+01
9.583584e+01,1.226571e+02,4.957482e+01,8.361647e+01
1.029859e+02,1.165069e+02,5.122620e+01,8.640751e+01
1.124220e+02,1.113959e+02,5.171919e+01,8.724580e+01
1.226916e+02,1.089848e+02,5.116232e+01,8.628603e+01
1.338018e+02,1.071387e+02,5.038909e+01,8.505966e+01
1.437210e+02,1.061999e+02,5.172805e+01,8.732204e+01
1.570777e+02,1.065559e+02,5.047088e+01,8.510773e+01
1.687395e+02,1.085473e+02,4.963505e+01,8.372807e+01
1.804151e+02,1.068185e+02,5.143519e+01,8.672317e+01
1.939823e+02,1.094438e+02,5.028446e+01,8.477974e+01
2.059880e+02,1.092337e+02,5.155534e+01,8.689388e+01
2.206789e+02,1.110987e+02,4.995418e+01,8.426386e+01
2.306875e+02,1.101345e+02,5.315706e+01,8.965796e+01
2.437511e+02,1.122789e+02,5.310775e+01,8.958308e+01
2.548757e+02,1.143426e+02,5.356524e+01,9.031780e+01
2.644706e+02,1.170465e+02,5.451425e+01,9.198794e+01
2.756325e+02,1.197454e+02,5.462462e+01,9.213014e+01
2.843978e+02,1.236911e+02,5.543350e+01,9.347213e+01
2.912621e+02,1.266971e+02,5.698872e+01,9.610438e+01
2.986485e+02,1.332865e+02,5.678731e+01,9.578592e+01
3.040477e+02,1.388974e+02,5.668644e+01,9.563682e+01
3.087146e+02,1.456543e+02,5.737730e+01,9.681801e+01
3.128716e+02,1.527520e+02,5.602550e+01,9.446513e+01
3.162815e+02,1.591657e+02,5.689336e+01,9.594686e+01
3.150286e+02,1.639829e+02,5.641523e+01,9.514118e+01
3.186361e+02,1.683006e+02,5.697223e+01,9.610777e+01
3.145762e+02,1.728124e+02,5.828907e+01,9.830880e+01
3.131002e+02,1.772578e+02,5.731519e+01,9.665359e+01
3.090172e+02,1.770373e+02,5.986048e+01,1.009433e+02
3.068216e+02,1.825035e+02,5.831900e+01,9.836919e+01
3.025456e+02,1.831587e+02,5.886683e+01,9.927154e+01
2.993786e+02,1.864910e+02,5.697571e+01,9.615567e+01
2.970606e+02,1.885126e+02,5.664513e+01,9.556245e+01
2.931860e+02,1.888228e+02,5.751934e+01,9.704184e+01
2.895835e+02,1.893088e+02,5.703651e+01,9.626524e+01
2.869610e+02,1.908633e+02,5.692063e+01,9.600933e+01
2.830596e+02,1.911507e+02,5.673712e+01,9.572239e+01
2.810761e+02,1.917787e+02,5.742800e+01,9.689606e+01
2.795992e+02,1.937247e+02,5.469393e+01,9.227232e+01
2.775391e+02,1.950996e+02,5.583195e+01,9.417887e+01
2.748946e+02,1.962278e+02,5.539448e+01,9.342225e+01
2.742912e+02,1.988232e+02,5.589684e+01,9.429259e+01
2.721672e+02,1.998691e+02,5.632308e+01,9.502164e+01
2.717779e+02,2.034205e+02,5.411151e+01,9.129293e+01
2.710913e+02,2.058714e+02,5.329215e+01,8.987618e+01
2.689970e+02,2.079576e+02,5.398209e+01,9.107033e+01
2.676487e+02,2.078302e+02,5.572966e+01,9.404140e+01
2.665877e+02,2.100942e+02,5.449855e+01,9.195003e+01
2.672581e+02,2.121536e+02,5.439024e+01,9.174284e+01
2.663069e+02,2.143908e+02,5.226434e+01,8.812601e+01
2.652083e+02,2.166966e+02,5.120465e+01,8.633991e+01
2.642692e+02,2.192366e+02,5.074944e+01,8.556786e+01
2.617402e+02,2.192966e+02,5.320989e+01,8.977834e+01
2.611003e+02,2.220959e+02,5.172296e+01,8.723109e+01
2.606519e+02,2.253120e+02,5.026108e+01,8.474946e+01
2.596537e+02,2.269402e+02,5.002232e+01,8.435486e+01
2.591851e+02,2.269781e+02,5.062216e+01,8.536877e+01
2.595406e+02,2.288588e+02,4.996062e+01,8.423757e+01
2.558417e+02,2.298715e+02,5.064052e+01,8.538808e+01
2.552419e+02,2.307047e+02,4.992071e+01,8.423374e+01
2.528659e+02,2.308644e+02,5.006604e+01,8.440873e+01
2.535923e+02,2.303781e+02,4.975564e+01,8.391127e+01
2.533498e+02,2.283807e+02,4.970663e+01,8.386222e+01
2.503012e+02,2.253907e+02,4.995999e+01,8.428648e+01
2.507747e+02,2.213875e+02,4.765053e+01,8.036715e+01
2.499999e+02,2.163788e+02,4.695117e+01,7.917792e+01
2.485069e+02,2.082072e+02,4.776074e+01,8.055889e+01
2.481298e+02,1.994319e+02,4.940374e+01,8.333747e+01
2.478396e+02,1.897543e+02,4.948238e+01,8.347716e+01
2.485647e+02,1.811185e+02,4.869326e+01,8.212337e+01
2.480703e+02,1.688114e+02,5.047429e+01,8.514683e+01
2.501288e+02,1.605473e+02,4.947570e+01,8.344738e+01
2.499935e+02,1.512591e+02,5.062603e+01,8.540015e+01
2.518102e+02,1.425331e+02,4.891758e+01,8.249821e+01
2.531350e+02,1.355294e+02,4.911039e+01,8.281117e+01
2.533739e+02,1.290983e+02,5.104071e+01,8.608510e+01
2.571705e+02,1.244762e+02,5.058654e+01,8.532834e+01
2.611667e+02,1.193429e+02,5.123109e+01,8.640519e+01
2.631869e+02,1.181273e+02,5.055002e+01,8.526067e+01
2.666788e+02,1.157948e+02,5.254196e+01,8.864219e+01
2.725481e+02,1.144176e+02,5.172867e+01,8.725450e+01
2.752396e+02,1.126405e+02,5.244058e+01,8.841236e+01
2.811632e+02,1.128005e+02,5.258632e+01,8.870102e+01
2.854913e+02,1.134246e+02,5.238407e+01,8.834248e+01
2.898464e+02,1.113863e+02,5.367900e+01,9.054023e+01
2.953764e+02,1.142702e+02,5.404195e+01,9.114949e+01
2.970943e+02,1.126452e+02,5.632969e+01,9.502199e+01
3.029882e+02,1.206637e+02,5.490249e+01,9.261627e+01
3.052250e+02,1.213802e+02,5.753424e+01,9.705178e+01
3.071265e+02,1.299740e+02,5.524060e+01,9.316151e+01
3.075430e+02,1.326143e+02,5.674445e+01,9.567990e+01
3.055379e+02,1.392243e+02,5.836185e+01,9.840451e+01
2.983783e+02,1.461067e+02,5.877807e+01,9.911401e+01
2.954966e+02,1.564091e+02,5.887375e+01,9.932952e+01
2.919044e+02,1.722084e+02,5.557458e+01,9.373383e+01
2.830397e+02,1.848208e+02,5.871318e+01,9.901852e+01
2.743594e+02,1.981817e+02,5.853341e+01,9.875700e+01
2.636781e+02,2.095509e+02,5.900353e+01,9.956425e+01
2.553931e+02,2.200359e+02,5.886326e+01,9.932522e+01
2.461616e+02,2.326204e+02,5.705073e+01,9.628666e+01
2.350530e+02,2.356107e+02,6.068563e+01,1.023760e+02
2.250042e+02,2.434001e+02,5.930373e+01,1.000415e+02
2.197616e+02,2.503310e+02,5.552989e+01,9.369064e+01
2.123787e+02,2.481907e+02,5.864920e+01,9.897798e+01
2.106558e+02,2.486929e+02,5.552028e+01,9.363908e+01
2.085133e+02,2.464722e+02,5.248241e+01,8.856791e+01
2.019260e+02,2.368951e+02,5.450850e+01,9.195990e+01
1.998848e+02,2.292151e+02,5.232415e+01,8.830134e+01
2.003512e+02,2.200164e+02,5.262697e+01,8.879148e+01
2.009188e+02,2.091391e+02,5.252390e+01,8.860779e+01
2.022589e+02,2.006003e+02,5.180603e+01,8.742711e+01
2.020007e+02,1.871956e+02,5.703469e+01,9.623436e+01
2.045929e+02,1.767330e+02,5.777325e+01,9.752429e+01
2.103210e+02,1.717635e+02,5.402125e+01,9.116782e+01
2.112877e+02,1.638690e+02,5.921385e+01,9.995030e+01
2.197387e+02,1.579188e+02,5.801508e+01,9.793649e+01
2.231345e+02,1.506201e+02,6.236981e+01,1.052608e+02
2.306354e+02,1.488202e+02,5.932653e+01,1.001370e+02
2.350886e+02,1.421877e+02,6.569779e+01,1.109008e+02
2.464837e+02,1.416982e+02,6.541405e+01,1.104204e+02
2.578241e+02,1.406040e+02,6.536396e+01,1.103345e+02
2.660971e+02,1.441492e+02,6.391843e+01,1.078294e+02
2.768221e+02,1.470032e+02,6.319767e+01,1.066047e+02
2.885316e+02,1.463038e+02,6.593662e+01,1.113115e+02
3.027095e+02,1.523642e+02,6.432526e+01,1.085782e+02
3.163576e+02,1.586248e+02,6.487210e+01,1.095103e+02
3.280193e+02,1.634352e+02,6.464651e+01,1.090384e+02
3.438419e+02,1.693187e+02,6.418505e+01,1.083201e+02
3.550466e+02,1.744891e+02,6.408394e+01,1.080904e+02
3.682707e+02,1.781232e+02,6.369725e+01,1.074492e+02
3.801990e+02,1.784021e+02,6.296157e+01,1.062085e+02
3.972208e+02,1.850282e+02,5.787353e+01,9.765491e+01
4.048599e+02,1.743832e+02,6.858799e+01,1.157004e+02
4.152916e+02,1.741502e+02,6.806001e+01,1.148047e+02
4.253647e+02,1.762634e+02,6.520646e+01,1.100016e+02
4.330119e+02,1.714517e+02,6.685035e+01,1.127452e+02
4.396172e+02,1.711106e+02,6.250767e+01,1.054073e+02
4.435200e+02,1.650751e+02,6.555062e+01,1.106472e+02
4.442318e+02,1.604298e+02,6.498052e+01,1.096298e+02
4.436382e+02,1.557384e+02,6.538661e+01,1.102820e+02
4.365986e+02,1.494056e+02,6.859621e+01,1.157468e+02
4.316756e+02,1.444522e+02,6.711422e+01,1.132560e+02
4.232010e+02,1.404475e+02,6.816126e+01,1.149718e+02
4.150708e+02,1.375089e+02,6.688786e+01,1.129261e+02
4.027587e+02,1.340055e+02,6.526116e+01,1.100076e+02
3.825933e+02,1.280153e+02,6.799525e+01,1.147470e+02
3.642528e+02,1.248515e+02,7.019866e+01,1.185095e+02
3.462748e+02,1.238913e+02,6.585980e+01,1.110098e+02
3.229063e+02,1.198286e+02,6.741510e+01,1.136602e+02
3.015681e+02,1.213595e+02,6.654571e+01,1.121445e+02
2.740037e+02,1.183832e+02,6.789484e+01,1.144970e+02
2.462922e+02,1.188964e+02,6.758682e+01,1.139364e+02
2.165669e+02,1.226840e+02,6.731520e+01,1.134669e+02
1.824816e+02,1.239960e+02,7.155969e+01,1.207013e+02
1.450479e+02,1.276879e+02,6.958337e+01,1.173127e+02
1.188466e+02,1.311158e+02,7.005454e+01,1.181379e+02
9.519559e+01,1.321968e+02,7.147840e+01,1.206080e+02
6.385825e+01,1.325917e+02,7.027334e+01,1.186103e+02
3.988521e+01,1.325021e+02,6.966580e+01,1.175178e+02
1.398282e+01,1.289857e+02,7.068972e+01,1.192819e+02
-3.808606e-01,1.279369e+02,6.554480e+01,1.104289e+02
4.616750e+00,1.296463e+02,6.507361e+01,1.098739e+02
3.488597e+00,1.270715e+02,6.162754e+01,1.040529e+02
-6.307916e-01,1.162696e+02,6.614945e+01,1.115364e+02
3.674174e+00,1.177912e+02,6.217594e+01,1.049783e+02
6.182489e+00,1.090975e+02,6.032809e+01,1.018587e+02
1.136117e+01,1.008189e+02,5.980443e+01,1.009092e+02
1.655488e+01,9.218807e+01,5.952633e+01,1.004504e+02
1.149499e+01,7.569290e+01,6.062211e+01,1.023574e+02
1.586542e+01,6.256650e+01,6.607364e+01,1.114843e+02
3.391753e+01,5.519343e+01,6.335168e+01,1.069663e+02
5.174715e+01,4.661193e+01,6.098725e+01,1.029644e+02
6.890986e+01,4.267397e+01,5.746286e+01,9.696411e+01
8.219607e+01,3.501763e+01,6.162697e+01,1.039398e+02
9.821500e+01,3.171171e+01,6.014260e+01,1.014225e+02
1.143943e+02,2.674857e+01,5.880784e+01,9.920154e+01
1.334227e+02,2.245629e+01,5.898188e+01,9.949456e+01
1.509078e+02,2.252038e+01,5.918163e+01,9.992955e+01
1.630183e+02,2.149958e+01,6.002235e+01,1.012325e+02
1.798793e+02,2.127601e+01,5.859222e+01,9.893278e+01
1.922122e+02,2.271142e+01,5.879219e+01,9.919079e+01
2.103730e+02,2.225143e+01,5.790269e+01,9.776922e+01
2.245051e+02,2.258456e+01,5.738369e+01,9.681040e+01
2.350231e+02,2.386040e+01,6.026852e+01,1.017646e+02
2.493481e+02,2.804136e+01,5.779385e+01,9.758342e+01
2.614629e+02,3.017401e+01,5.824810e+01,9.835222e+01
2.740605e+02,3.672203e+01,5.614996e+01,9.480537e+01
2.819869e+02,4.450747e+01,5.761382e+01,9.727964e+01
2.869688e+02,5.019722e+01,5.851538e+01,9.880450e+01
2.954501e+02,5.880265e+01,5.516719e+01,9.315029e+01
2.983612e+02,6.732409e+01,5.943009e+01,1.003138e+02
3.018738e+02,7.507407e+01,5.957371e+01,1.005825e+02
3.031067e+02,8.633864e+01,5.996563e+01,1.012530e+02
3.058236e+02,1.008799e+02,5.656831e+01,9.542605e+01
3.027495e+02,1.049757e+02,6.108942e+01,1.031470e+02
3.036654e+02,1.170302e+02,5.947802e+01,1.002740e+02
3.016918e+02,1.281821e+02,6.001971e+01,1.012067e+02
3.028143e+02,1.414436e+02,5.549452e+01,9.357170e+01
2.980621e+02,1.465263e+02,5.979546e+01,1.009624e+02
2.956504e+02,1.512405e+02,6.083431e+01,1.027201e+02
2.945796e+02,1.598432e+02,6.050927e+01,1.020632e+02
2.921303e+02,1.676701e+02,5.975355e+01,1.008952e+02
2.931690e+02,1.768442e+02,5.722181e+01,9.661963e+01
2.936531e+02,1.845066e+02,5.691745e+01,9.610637e+01
2.932770e+02,1.933650e+02,5.617056e+01,9.484371e+01
2.950043e+02,2.002969e+02,5.483862e+01,9.259400e+01
2.931497e+02,2.029383e+02,5.847637e+01,9.873369e+01
2.946702e+02,2.082508e+02,5.832790e+01,9.848339e+01
2.976335e+02,2.097110e+02,5.899103e+01,9.947451e+01
2.988780e+02,2.123922e+02,5.941748e+01,1.003210e+02
3.016520e+02,2.125580e+02,5.808565e+01,9.792418e+01
3.047417e+02,2.106948e+02,5.994636e+01,1.012201e+02
3.068309e+02,2.055567e+02,6.134171e+01,1.035767e+02
3.083130e+02,2.018597e+02,6.221336e+01,1.050486e+02
3.115031e+02,1.978655e+02,6.160357e+01,1.040173e+02
3.123324e+02,1.939456e+02,6.450818e+01,1.089235e+02
3.162319e+02,1.922569e+02,6.265304e+01,1.057865e+02
3.196190e+02,1.895148e+02,6.191694e+01,1.045445e+02
3.211511e+02,1.855354e+02,6.388499e+01,1.078712e+02
3.219571e+02,1.849480e+02,6.396272e+01,1.080001e+02
3.233431e+02,1.836133e+02,6.373966e+01,1.074669e+02
3.245023e+02,1.829325e+02,6.476896e+01,1.093638e+02
3.241207e+02,1.848217e+02,6.383061e+01,1.076148e+02
3.215873e+02,1.857088e+02,6.577162e+01,1.109011e+02
3.210259e+02,1.888754e+02,6.562784e+01,1.106630e+02
3.198632e+02,1.913626e+02,6.608102e+01,1.113818e+02
3.150979e+02,1.930455e+02,6.518803e+01,1.099126e+02
3.110672e+02,1.945667e+02,6.745683e+01,1.136925e+02
3.035978e+02,1.969512e+02,6.747265e+01,1.137396e+02
2.964102e+02,1.956273e+02,6.736760e+01,1.135545e+02
2.878534e+02,1.993717e+02,6.770512e+01,1.141151e+02
2.781345e+02,1.989699e+02,6.926389e+01,1.167520e+02
2.687331e+02,2.029551e+02,6.812258e+01,1.148578e+02
2.581718e+02,2.047158e+02,6.803184e+01,1.147153e+02
2.463533e+02,2.065816e+02,6.712491e+01,1.132217e+02
2.335280e+02,2.076391e+02,6.850174e+01,1.154551e+02
2.236440e+02,2.101010e+02,6.720457e+01,1.132901e+02
2.095145e+02,2.076934e+02,7.039595e+01,1.186411e+02
1.983829e+02,2.112817e+02,6.821507e+01,1.150093e+02
1.905433e+02,2.169298e+02,6.544844e+01,1.103161e+02
1.804167e+02,2.198735e+02,6.510083e+01,1.097020e+02
1.707236e+02,2.225476e+02,6.483302e+01,1.094715e+02
1.660733e+02,2.231269e+02,6.427302e+01,1.083398e+02
1.597929e+02,2.248797e+02,6.257257e+01,1.054932e+02
1.536647e+02,2.269019e+02,6.248353e+01,1.053411e+02
1.515024e+02,2.295418e+02,6.357330e+01,1.071685e+02
1.501445e+02,2.345831e+02,6.097985e+01,1.027913e+02
1.479291e+02,2.387415e+02,6.308952e+01,1.063425e+02
1.481921e+02,2.480918e+02,5.996937e+01,1.010086e+02
1.489201e+02,2.542449e+02,6.157870e+01,1.037819e+02
1.503085e+02,2.602873e+02,5.978637e+01,1.008231e+02
1.514166e+02,2.645474e+02,6.050434e+01,1.020638e+02
1.548032e+02,2.722372e+02,5.763824e+01,9.717533e+01
1.610732e+02,2.768448e+02,5.729603e+01,9.660686e+01
1.625499e+02,2.806836e+02,5.869394e+01,9.895488e+01
1.667738e+02,2.841429e+02,5.553794e+01,9.363689e+01
1.688751e+02,2.835478e+02,5.827052e+01,9.839114e+01
1.733896e+02,2.840372e+02,5.818713e+01,9.825039e+01
1.767959e+02,2.842272e+02,5.672571e+01,9.567632e+01
1.805497e+02,2.846229e+02,5.685593e+01,9.588948e+01
1.848780e+02,2.852267e+02,5.417386e+01,9.130239e+01
1.868815e+02,2.820430e+02,5.582381e+01,9.413052e+01
1.891782e+02,2.812902e+02,5.668864e+01,9.557474e+01
1.928738e+02,2.793751e+02,5.693263e+01,9.602780e+01
1.980786e+02,2.797078e+02,5.658899e+01,9.542284e+01
2.029042e+02,2.803971e+02,5.636787e+01,9.499328e+01
2.071259e+02,2.801714e+02,5.698676e+01,9.610529e+01
2.110378e+02,2.779910e+02,5.647304e+01,9.522999e+01
2.172555e+02,2.741928e+02,5.823612e+01,9.816191e+01
2.258878e+02,2.741237e+02,5.765538e+01,9.720477e+01
2.339496e+02,2.723920e+02,5.804935e+01,9.792072e+01
2.425189e+02,2.701224e+02,5.884626e+01,9.926298e+01
2.497984e+02,2.672330e+02,5.979122e+01,1.008597e+02
2.603692e+02,2.662740e+02,6.001225e+01,1.012251e+02
2.731441e+02,2.665102e+02,5.859694e+01,9.885688e+01
2.829566e+02,2.634024e+02,6.186130e+01,1.043161e+02
2.980998e+02,2.653467e+02,6.045068e+01,1.019067e+02
3.113772e+02,2.650857e+02,6.097193e+01,1.028450e+02
3.248290e+02,2.678005e+02,6.034051e+01,1.016464e+02
3.403420e+02,2.694546e+02,6.039103e+01,1.018659e+02
3.570174e+02,2.713178e+02,5.833356e+01,9.838613e+01
3.731137e+02,2.746839e+02,5.455078e+01,9.193510e+01
3.845534e+02,2.714643e+02,5.593700e+01,9.428853e+01
3.980277e+02,2.695123e+02,5.590886e+01,9.422255e+01
4.134538e+02,2.644732e+02,5.864541e+01,9.883725e+01
4.298188e+02,2.629746e+02,5.522216e+01,9.307731e+01
4.423012e+02,2.589301e+02,5.567693e+01,9.386128e+01
4.507378e+02,2.548422e+02,5.571470e+01,9.398005e+01
4.659688e+02,2.546185e+02,5.285540e+01,8.911396e+01
4.752710e+02,2.509223e+02,5.326264e+01,8.980048e+01
4.769526e+02,2.484842e+02,5.497974e+01,9.263143e+01
4.834363e+02,2.432777e+02,5.419443e+01,9.139150e+01
4.937269e+02,2.405692e+02,5.248159e+01,8.848942e+01
4.957326e+02,2.310621e+02,5.506114e+01,9.280728e+01
4.995583e+02,2.256719e+02,5.325590e+01,8.981073e+01
4.976312e+02,2.151389e+02,5.630970e+01,9.491955e+01
4.927874e+02,2.027786e+02,5.925603e+01,9.986486e+01
4.893018e+02,1.934662e+02,5.806458e+01,9.792776e+01
4.822545e+02,1.838491e+02,5.252518e+01,8.857915e+01
4.754287e+02,1.650407e+02,5.699486e+01,9.607689e+01
4.622511e+02,1.507977e+02,5.698466e+01,9.610502e+01
4.441703e+02,1.243965e+02,6.930834e+01,1.167947e+02
4.288555e+02,1.151757e+02,5.839116e+01,9.850900e+01
4.099696e+02,9.485622e+01,6.341689e+01,1.068879e+02
3.914570e+02,7.761317e+01,6.595307e+01,1.112139e+02
3.719565e+02,6.304453e+01,6.700963e+01,1.129502e+02
3.405378e+02,4.090629e+01,7.410883e+01,1.249883e+02
3.218393e+02,3.399746e+01,7.146438e+01,1.205212e+02
2.980171e+02,2.560737e+01,7.399857e+01,1.248002e+02
2.743351e+02,2.066355e+01,7.478939e+01,1.261639e+02
2.485836e+02,1.985360e+01,7.550563e+01,1.273562e+02
2.294574e+02,2.138811e+01,7.536503e+01,1.271399e+02
2.083105e+02,2.251010e+01,7.694265e+01,1.297854e+02
1.906809e+02,2.959008e+01,7.568863e+01,1.276629e+02
1.736301e+02,3.888600e+01,7.553789e+01,1.273709e+02
1.581011e+02,5.205584e+01,7.507029e+01,1.265942e+02
1.443090e+02,6.607210e+01,7.366379e+01,1.242835e+02
1.364773e+02,8.459898e+01,7.288481e+01,1.229756e+02
1.278809e+02,9.915840e+01,7.510635e+01,1.266997e+02
1.261472e+02,1.161427e+02,7.377608e+01,1.243731e+02
1.265450e+02,1.311435e+02,7.266290e+01,1.225232e+02
1.291064e+02,1.442549e+02,7.319975e+01,1.234236e+02
1.331225e+02,1.553395e+02,7.094894e+01,1.196137e+02
1.392084e+02,1.658322e+02,7.041976e+01,1.187434e+02
1.493130e+02,1.790519e+02,6.832593e+01,1.151894e+02
1.578387e+02,1.856862e+02,7.088275e+01,1.196051e+02
1.652395e+02,1.907434e+02,6.942235e+01,1.170906e+02
1.746503e+02,1.997866e+02,6.858539e+01,1.156100e+02
1.833874e+02,2.035283e+02,6.929327e+01,1.168826e+02
1.973426e+02,2.092244e+02,6.739000e+01,1.136005e+02
2.083217e+02,2.141723e+02,6.594329e+01,1.111763e+02
2.233348e+02,2.189049e+02,6.663885e+01,1.123196e+02
2.308483e+02,2.210214e+02,6.605064e+01,1.113408e+02
2.412602e+02,2.201481e+02,6.608210e+01,1.113947e+02
2.537637e+02,2.208869e+02,6.598684e+01,1.111557e+02
2.654456e+02,2.203536e+02,6.655338e+01,1.121779e+02
2.795265e+02,2.177720e+02,6.594436e+01,1.111585e+02
2.951925e+02,2.199612e+02,6.449877e+01,1.086671e+02
3.064954e+02,2.200042e+02,6.355017e+01,1.071401e+02
3.143458e+02,2.131589e+02,6.940110e+01,1.170653e+02
3.244520e+02,2.138133e+02,6.566743e+01,1.106850e+02
3.318763e+02,2.114592e+02,6.753816e+01,1.138241e+02
3.402798e+02,2.081083e+02,6.784463e+01,1.144035e+02
3.469113e+02,2.066473e+02,6.673384e+01,1.124475e+02
3.522866e+02,2.023284e+02,6.775900e+01,1.142060e+02
3.548749e+02,1.987502e+02,6.818930e+01,1.149644e+02
3.559872e+02,1.942209e+02,7.018951e+01,1.183784e+02
3.564227e+02,1.906588e+02,6.931412e+01,1.168107e+02
3.541882e+02,1.893891e+02,6.870567e+01,1.158677e+02
3.512795e+02,1.864353e+02,6.660269e+01,1.123109e+02
3.475093e+02,1.847039e+02,6.772142e+01,1.141294e+02
3.419292e+02,1.843225e+02,6.544835e+01,1.102870e+02
3.349631e+02,1.830656e+02,6.564079e+01,1.107135e+02
3.283130e+02,1.825133e+02,6.650233e+01,1.120442e+02
3.216718e+02,1.823151e+02,6.525316e+01,1.100178e+02
3.132952e+02,1.802987e+02,6.301635e+01,1.061584e+02
3.089930e+02,1.784681e+02,6.228607e+01,1.049648e+02
3.015631e+02,1.773011e+02,6.131607e+01,1.033281e+02
2.916221e+02,1.731066e+02,6.191713e+01,1.043291e+02
2.860377e+02,1.684405e+02,6.033471e+01,1.016868e+02
2.805076e+02,1.643096e+02,5.945792e+01,1.001956e+02
2.743776e+02,1.591205e+02,5.931990e+01,9.995646e+01
2.674635e+02,1.534831e+02,5.970241e+01,1.005976e+02
2.623980e+02,1.460667e+02,6.006587e+01,1.011786e+02
2.555921e+02,1.409492e+02,6.015136e+01,1.013509e+02
2.523795e+02,1.370836e+02,5.696553e+01,9.594765e+01
2.455275e+02,1.315272e+02,5.932030e+01,9.995393e+01
2.393725e+02,1.276115e+02,5.744066e+01,9.678652e+01
2.323171e+02,1.229275e+02,5.827868e+01,9.819160e+01
2.242899e+02,1.161047e+02,6.088590e+01,1.026145e+02
2.196091e+02,1.148231e+02,5.824247e+01,9.817372e+01
2.088875e+02,1.087315e+02,5.833795e+01,9.830838e+01
2.027855e+02,1.041431e+02,6.224798e+01,1.048505e+02
1.945743e+02,1.035083e+02,5.830096e+01,9.828692e+01
1.866996e+02,9.842910e+01,6.033932e+01,1.016550e+02
1.759295e+02,9.720024e+01,5.735591e+01,9.664996e+01
1.673334e+02,9.434642e+01,5.846861e+01,9.854259e+01
1.566323e+02,9.238615e+01,5.870106e+01,9.896509e+01
1.459053e+02,9.128896e+01,6.067893e+01,1.023216e+02
1.353782e+02,9.356827e+01,5.947564e+01,1.002527e+02
1.260876e+02,9.705813e+01,6.021272e+01,1.015148e+02
1.123160e+02,1.042606e+02,5.928164e+01,9.978529e+01
1.028295e+02,1.090279e+02,6.110599e+01,1.030622e+02
8.974491e+01,1.145932e+02,6.106279e+01,1.029762e+02
8.039959e+01,1.208838e+02,5.971716e+01,1.006062e+02
6.979356e+01,1.242254e+02,6.035945e+01,1.016775e+02
5.996631e+01,1.269244e+02,6.007216e+01,1.013478e+02
4.964995e+01,1.278011e+02,6.166305e+01,1.040000e+02
4.265668e+01,1.320034e+02,5.819888e+01,9.809086e+01
3.326265e+01,1.339284e+02,6.065374e+01,1.022459e+02
2.671265e+01,1.403931e+02,5.836011e+01,9.829677e+01
1.897747e+01,1.429354e+02,6.020183e+01,1.014680e+02
1.552371e+01,1.476855e+02,5.890646e+01,9.922267e+01
1.494259e+01,1.577882e+02,5.288030e+01,8.917829e+01
1.450258e+01,1.631255e+02,5.292714e+01,8.913609e+01
1.192402e+01,1.677406e+02,5.415243e+01,9.131261e+01
1.393114e+01,1.766647e+02,5.394617e+01,9.097345e+01
1.478137e+01,1.851037e+02,5.402318e+01,9.109143e+01
1.642761e+01,1.932934e+02,5.268304e+01,8.872645e+01
1.988065e+01,2.005245e+02,5.120628e+01,8.626794e+01
2.306347e+01,2.065026e+02,5.266710e+01,8.882342e+01
2.570511e+01,2.125418e+02,5.203231e+01,8.760596e+01
3.109102e+01,2.186299e+02,5.186346e+01,8.731246e+01
3.604137e+01,2.213840e+02,5.161360e+01,8.694381e+01
4.170908e+01,2.263651e+02,4.851146e+01,8.176500e+01
4.625513e+01,2.289568e+02,4.810584e+01,8.107742e+01
4.731518e+01,2.300212e+02,4.869228e+01,8.206425e+01
5.266814e+01,2.306571e+02,4.831191e+01,8.141688e+01
5.461309e+01,2.328316e+02,4.807994e+01,8.097135e+01
5.773907e+01,2.317537e+02,4.759571e+01,8.015953e+01
6.094339e+01,2.330058e+02,4.600762e+01,7.745553e+01
6.132354e+01,2.313428e+02,4.658109e+01,7.852699e+01
6.239727e+01,2.317699e+02,4.717993e+01,7.949914e+01
6.379189e+01,2.325595e+02,4.657157e+01,7.842440e+01
6.431708e+01,2.336046e+02,4.621047e+01,7.780915e+01
6.325262e+01,2.342908e+02,4.617448e+01,7.775457e+01
6.231227e+01,2.355321e+02,4.688051e+01,7.898925e+01
6.420954e+01,2.377410e+02,4.461696e+01,7.515296e+01
6.140222e+01,2.387353e+02,4.665656e+01,7.854195e+01
5.984867e+01,2.411285e+02,4.722043e+01,7.957821e+01
5.726285e+01,2.424301e+02,4.884755e+01,8.236096e+01
5.775611e+01,2.460093e+02,4.621376e+01,7.782478e+01
5.545761e+01,2.468955e+02,4.662693e+01,7.854463e+01
5.521190e+01,2.480034e+02,4.765397e+01,8.024194e+01
5.050819e+01,2.477924e+02,4.783302e+01,8.052803e+01
4.971910e+01,2.465112e+02,4.676046e+01,7.879356e+01
4.845659e+01,2.453416e+02,4.725901e+01,7.966126e+01
4.385057e+01,2.421037e+02,5.069522e+01,8.548693e+01
4.333469e+01,2.410412e+02,4.949410e+01,8.333573e+01
4.404140e+01,2.428111e+02,4.738942e+01,7.983255e+01
4.260847e+01,2.426224e+02,4.605916e+01,7.756620e+01
4.073416e+01,2.429349e+02,4.595810e+01,7.748138e+01
3.906688e+01,2.416449e+02,4.799986e+01,8.083323e+01
3.832601e+01,2.435073e+02,4.485067e+01,7.560416e+01
3.718187e+01,2.432395e+02,4.509062e+01,7.596617e+01
3.288805e+01,2.428009e+02,4.677311e+01,7.879483e+01
3.248615e+01,2.442458e+02,4.342097e+01,7.313227e+01
3.187345e+01,2.429398e+02,4.383998e+01,7.384520e+01
2.941327e+01,2.417396e+02,4.344495e+01,7.318615e+01
2.778785e+01,2.405214e+02,4.485876e+01,7.565477e+01
2.591265e+01,2.414117e+02,4.478581e+01,7.544905e+01
2.345715e+01,2.403739e+02,4.530883e+01,7.634076e+01
2.308332e+01,2.422753e+02,4.270340e+01,7.192438e+01
2.084534e+01,2.418410e+02,4.435369e+01,7.471081e+01
1.952289e+01,2.402074e+02,4.518539e+01,7.610215e+01
1.807423e+01,2.426570e+02,4.301657e+01,7.244477e+01
1.665420e+01,2.424069e+02,4.559219e+01,7.674147e+01
1.759289e+01,2.451776e+02,4.274324e+01,7.198799e+01
1.149567e+01,2.423953e+02,4.959400e+01,8.358962e+01
1.335381e+01,2.454164e+02,4.722563e+01,7.947502e+01
1.236228e+01,2.463471e+02,4.853630e+01,8.186175e+01
1.317596e+01,2.470334e+02,4.941593e+01,8.334485e+01
1.139853e+01,2.467652e+02,5.209622e+01,8.787811e+01
1.287845e+01,2.516811e+02,4.867196e+01,8.210303e+01
1.317950e+01,2.524312e+02,5.057175e+01,8.530321e+01
1.484007e+01,2.554458e+02,4.815492e+01,8.112320e+01
1.481482e+01,2.530161e+02,5.315736e+01,8.967615e+01
1.652523e+01,2.586745e+02,4.869180e+01,8.212134e+01
1.756962e+01,2.596516e+02,4.929199e+01,8.301322e+01
1.944779e+01,2.628476e+02,4.769025e+01,8.036427e+01
2.141916e+01,2.629732e+02,5.010266e+01,8.451111e+01
2.218834e+01,2.653250e+02,4.900847e+01,8.244145e+01
2.443253e+01,2.663805e+02,5.011560e+01,8.452345e+01
2.687126e+01,2.689905e+02,4.869199e+01,8.199350e+01
2.594637e+01,2.698605e+02,4.945826e+01,8.329490e+01
2.869611e+01,2.713358e+02,4.841710e+01,8.166593e+01
2.627128e+01,2.699097e+02,5.085438e+01,8.568064e+01
2.797064e+01,2.725952e+02,4.912196e+01,8.284814e+01
2.979540e+01,2.734689e+02,4.886730e+01,8.242089e+01
2.874079e+01,2.731878e+02,5.071083e+01,8.553454e+01
2.841965e+01,2.748894e+02,5.102849e+01,8.594400e+01
2.978024e+01,2.764476e+02,5.031281e+01,8.481162e+01
2.977451e+01,2.784957e+02,5.038985e+01,8.493765e+01
3.041652e+01,2.789609e+02,5.261596e+01,8.860766e+01
2.981138e+01,2.808871e+02,5.084726e+01,8.568368e+01
3.030250e+01,2.831303e+02,5.050397e+01,8.514388e+01
3.067812e+01,2.809530e+02,5.406435e+01,9.124167e+01
3.239703e+01,2.809257e+02,5.392262e+01,9.099589e+01
3.079435e+01,2.810122e+02,5.700931e+01,9.619381e+01
3.347614e+01,2.818421e+02,5.511030e+01,9.297134e+01
3.365661e+01,2.825400e+02,5.629688e+01,9.498519e+01
3.482743e+01,2.835754e+02,5.673611e+01,9.572161e+01
3.623964e+01,2.845016e+02,5.587018e+01,9.426518e+01
3.873263e+01,2.838322e+02,5.659821e+01,9.549074e+01
3.876384e+01,2.828294e+02,5.675953e+01,9.576625e+01
4.112852e+01,2.831371e+02,5.603467e+01,9.452959e+01
4.280252e+01,2.819255e+02,5.701592e+01,9.620033e+01
4.603684e+01,2.821399e+02,5.699830e+01,9.618951e+01
4.775818e+01,2.838865e+02,5.458221e+01,9.206405e+01
4.765241e+01,2.814659e+02,5.629824e+01,9.496879e+01
5.165553e+01,2.800132e+02,5.458619e+01,9.209934e+01
5.500508e+01,2.804832e+02,5.298694e+01,8.943967e+01
5.558365e+01,2.779382e+02,5.596442e+01,9.439001e+01
5.879798e+01,2.758544e+02,5.621344e+01,9.484196e+01
6.238774e+01,2.768316e+02,5.310156e+01,8.962824e+01
6.375309e+01,2.720239e+02,5.680247e+01,9.584673e+01
6.673802e+01,2.688299e+02,5.646323e+01,9.525757e+01
6.811102e+01,2.661066e+02,5.718764e+01,9.645680e+01
7.242646e+01,2.658533e+02,5.472911e+01,9.233079e+01
7.439507e+01,2.626467e+02,5.646425e+01,9.527733e+01
7.780936e+01,2.614583e+02,5.582988e+01,9.419670e+01
8.218082e+01,2.589536e+02,5.755736e+01,9.710403e+01
8.458275e+01,2.568422e+02,5.774992e+01,9.744666e+01
8.841794e+01,2.555480e+02,5.741847e+01,9.686298e+01
9.316488e+01,2.556769e+02,5.709998e+01,9.635656e+01
9.673995e+01,2.549630e+02,5.736462e+01,9.679862e+01
9.997153e+01,2.523033e+02,6.126192e+01,1.033210e+02
1.041398e+02,2.502328e+02,6.095473e+01,1.028531e+02
1.075961e+02,2.480261e+02,6.365770e+01,1.073846e+02
1.147571e+02,2.477257e+02,6.344038e+01,1.070138e+02
1.221811e+02,2.478166e+02,6.305024e+01,1.063472e+02
1.289454e+02,2.487475e+02,6.278588e+01,1.059220e+02
1.338974e+02,2.495912e+02,6.234861e+01,1.052018e+02
1.427958e+02,2.494738e+02,6.271725e+01,1.058279e+02
1.487401e+02,2.489328e+02,6.294933e+01,1.062057e+02
1.556734e+02,2.490892e+02,6.095290e+01,1.028669e+02
1.628530e+02,2.491808e+02,6.026923e+01,1.016907e+02
1.677776e+02,2.487658e+02,5.894836e+01,9.943761e+01
1.729803e+02,2.449807e+02,6.044311e+01,1.019779e+02
1.796846e+02,2.416260e+02,6.225834e+01,1.050785e+02
1.868668e+02,2.427605e+02,5.823122e+01,9.824330e+01
1.903725e+02,2.394859e+02,5.830153e+01,9.836567e+01
1.971046e+02,2.339882e+02,6.239721e+01,1.052375e+02
2.026461e+02,2.324283e+02,5.877603e+01,9.915297e+01
2.071380e+02,2.291496e+02,5.743910e+01,9.692483e+01
2.099017e+02,2.246660e+02,5.943335e+01,1.002591e+02
2.162498e+02,2.255267e+02,5.611949e+01,9.471390e+01
2.192091e+02,2.207426e+02,6.006745e+01,1.013653e+02
2.254608e+02,2.163623e+02,6.030906e+01,1.017917e+02
2.301207e+02,2.134979e+02,6.086132e+01,1.026301e+02
2.362817e+02,2.123877e+02,5.887506e+01,9.932767e+01
2.398604e+02,2.094554e+02,6.157473e+01,1.038578e+02
2.441383e+02,2.085902e+02,6.061132e+01,1.022832e+02
2.488742e+02,2.078089e+02,6.044218e+01,1.019687e+02
2.524080e+02,2.071325e+02,6.047749e+01,1.020795e+02
2.552370e+02,2.053927e+02,6.152288e+01,1.038036e+02
2.579630e+02,2.048738e+02,6.152201e+01,1.038243e+02
2.603198e+02,2.052072e+02,6.061550e+01,1.022746e+02
2.639301e+02,2.060314e+02,5.947511e+01,1.003108e+02
2.659159e+02,2.045326e+02,6.072638e+01,1.024747e+02
2.681659e+02,2.069924e+02,5.712714e+01,9.642346e+01
2.671846e+02,2.049693e+02,5.834133e+01,9.848811e+01
2.675281e+02,2.030701e+02,5.931556e+01,1.000904e+02
2.681489e+02,2.024823e+02,5.767214e+01,9.736091e+01
2.693419e+02,2.020056e+02,5.708915e+01,9.635099e+01
2.645763e+02,1.996760e+02,5.893505e+01,9.939626e+01
2.631443e+02,1.971695e+02,5.888271e+01,9.935941e+01
2.657161e+02,1.976141e+02,5.570225e+01,9.397225e+01
2.640692e+02,1.949814e+02,5.729158e+01,9.668572e+01
2.629326e+02,1.922824e+02,5.822293e+01,9.822654e+01
2.581167e+02,1.932956e+02,5.583531e+01,9.426110e+01
2.586307e+02,1.915785e+02,5.241349e+01,8.845246e+01
2.578372e+02,1.858105e+02,5.938744e+01,1.002262e+02
2.584889e+02,1.841241e+02,5.974672e+01,1.007666e+02
2.540615e+02,1.771336e+02,6.309433e+01,1.064894e+02
2.550383e+02,1.751178e+02,6.048679e+01,1.020841e+02
2.526480e+02,1.744889e+02,6.286196e+01,1.060977e+02
2.544006e+02,1.747436e+02,5.872887e+01,9.907452e+01
2.704315e+02,1.761379e+02,5.419799e+01,9.143213e+01
2.707235e+02,1.729210e+02,5.906408e+01,9.965396e+01
2.677083e+02,1.686507e+02,5.676083e+01,9.578819e+01
2.694835e+02,1.702500e+02,5.265780e+01,8.888458e+01
2.529918e+02,1.609509e+02,5.691419e+01,9.603864e+01
2.546571e+02,1.564669e+02,5.363217e+01,9.048235e+01
2.539056e+02,1.544653e+02,5.460115e+01,9.210744e+01
2.541397e+02,1.556989e+02,5.417517e+01,9.139040e+01
2.569844e+02,1.550268e+02,5.453233e+01,9.201815e+01
2.562344e+02,1.563888e+02,5.391888e+01,9.101510e+01
2.582239e+02,1.564148e+02,5.294269e+01,8.938240e+01
2.562064e+02,1.522319e+02,5.638048e+01,9.513231e+01
2.585089e+02,1.545636e+02,5.683102e+01,9.590172e+01
2.595610e+02,1.553796e+02,5.542001e+01,9.344067e+01
2.540942e+02,1.462161e+02,6.335276e+01,1.068978e+02
2.593133e+02,1.566577e+02,5.308014e+01,8.955200e+01
2.577087e+02,1.485360e+02,6.276478e+01,1.059291e+02
2.578883e+02,1.485267e+02,5.984343e+01,1.008975e+02
2.757386e+02,1.501190e+02,5.220913e+01,8.806730e+01
2.518019e+02,1.528257e+02,5.524475e+01,9.319284e+01
2.537603e+02,1.516896e+02,5.374008e+01,9.063541e+01
2.519536e+02,1.506353e+02,5.438303e+01,9.173049e+01
2.545037e+02,1.493540e+02,5.403148e+01,9.116722e+01
2.541751e+02,1.509686e+02,5.504838e+01,9.284206e+01
2.541538e+02,1.545829e+02,5.014395e+01,8.459674e+01
2.524454e+02,1.527267e+02,5.326682e+01,8.992227e+01
2.563766e+02,1.545123e+02,4.941335e+01,8.333793e+01
2.555139e+02,1.544994e+02,5.028763e+01,8.483563e+01
2.560205e+02,1.548802e+02,4.924414e+01,8.303523e+01
2.529676e+02,1.506136e+02,5.429752e+01,9.160474e+01
2.533738e+02,1.513597e+02,5.474128e+01,9.235216e+01
2.536537e+02,1.510224e+02,5.350738e+01,9.027738e+01
2.525209e+02,1.510066e+02,5.423548e+01,9.149612e+01
2.538317e+02,1.520480e+02,5.369450e+01,9.046536e+01
2.533729e+02,1.507619e+02,5.374144e+01,9.065796e+01
2.538637e+02,1.511838e+02,5.345757e+01,9.020336e+01
2.541330e+02,1.528504e+02,5.196349e+01,8.766425e+01
2.546049e+02,1.535446e+02,5.170001e+01,8.722703e+01
2.548580e+02,1.540876e+02,5.094236e+01,8.593341e+01
2.541833e+02,1.520423e+02,5.253298e+01,8.864014e+01
2.543990e+02,1.525119e+02,5.216563e+01,8.801313e+01
2.555642e+02,1.538739e+02,5.007940e+01,8.446977e+01
2.548409e+02,1.536168e+02,5.043467e+01,8.507043e+01
2.540680e+02,1.522205e+02,5.348985e+01,9.023656e+01
2.540313e+02,1.531089e+02,5.169001e+01,8.720563e+01
2.543349e+02,1.527232e+02,5.200948e+01,8.775064e+01
2.546335e+02,1.536792e+02,5.131618e+01,8.654206e+01
2.544490e+02,1.530827e+02,5.144520e+01,8.680499e+01
2.541291e+02,1.538893e+02,5.130961e+01,8.654899e+01
2.548820e+02,1.540544e+02,5.045893e+01,8.508935e+01
2.545244e+02,1.535064e+02,5.162750e+01,8.710890e+01
2.553549e+02,1.544070e+02,5.059686e+01,8.536647e+01
2.547610e+02,1.536813e+02,5.062031e+01,8.544560e+01
2.546795e+02,1.536766e+02,5.071163e+01,8.553373e+01
2.542142e+02,1.535193e+02,5.163094e+01,8.715779e+01
2.545163e+02,1.527245e+02,5.182712e+01,8.743181e+01
2.547345e+02,1.531477e+02,5.153597e+01,8.698598e+01
2.540914e+02,1.533906e+02,5.143181e+01,8.680973e+01
2.548107e+02,1.542021e+02,5.105254e+01,8.617480e+01
2.549226e+02,1.538209e+02,5.102911e+01,8.612886e+01
2.541856e+02,1.534836e+02,5.153161e+01,8.699042e+01
2.540156e+02,1.538277e+02,5.148249e+01,8.687628e+01
2.548562e+02,1.524716e+02,5.120990e+01,8.641669e+01
2.542598e+02,1.524667e+02,5.197918e+01,8.771703e+01
2.539689e+02,1.511992e+02,5.309379e+01,8.961006e+01
2.550117e+02,1.531542e+02,5.169285e+01,8.723803e+01
2.549968e+02,1.540361e+02,5.068314e+01,8.550271e+01
2.549706e+02,1.533449e+02,5.143516e+01,8.676710e+01
2.547153e+02,1.534905e+02,5.079366e+01,8.568254e+01
2.549051e+02,1.534458e+02,5.164002e+01,8.712703e+01
2.548359e+02,1.538005e+02,5.096374e+01,8.595969e+01
2.541931e+02,1.525560e+02,5.182212e+01,8.740471e+01
2.550801e+02,1.542736e+02,5.064160e+01,8.541896e+01
2.546381e+02,1.526619e+02,5.171808e+01,8.720078e+01
2.540990e+02,1.518639e+02,5.239614e+01,8.841344e+01
2.552155e+02,1.544972e+02,5.024861e+01,8.475802e+01
2.551233e+02,1.552600e+02,4.983704e+01,8.411227e+01
2.553329e+02,1.547573e+02,4.983708e+01,8.410994e+01
2.550398e+02,1.543095e+02,5.039553e+01,8.505615e+01
2.547559e+02,1.528893e+02,5.164291e+01,8.711116e+01
2.547519e+02,1.538739e+02,5.066608e+01,8.551716e+01
2.554645e+02,1.541631e+02,5.035559e+01,8.497953e+01
2.541294e+02,1.538005e+02,5.143561e+01,8.676174e+01
2.540799e+02,1.530115e+02,5.211184e+01,8.790401e+01
2.555503e+02,1.530431e+02,5.115084e+01,8.632852e+01
2.546511e+02,1.534941e+02,5.147321e+01,8.687378e+01
2.543612e+02,1.529891e+02,5.191350e+01,8.761480e+01
2.547965e+02,1.536593e+02,5.158229e+01,8.706596e+01
2.544058e+02,1.529881e+02,5.210196e+01,8.794511e+01
2.549641e+02,1.543640e+02,4.994836e+01,8.430857e+01
2.542445e+02,1.526467e+02,5.215721e+01,8.803389e+01
2.548593e+02,1.526071e+02,5.111728e+01,8.628551e+01
2.541702e+02,1.525687e+02,5.156944e+01,8.703124e+01
2.546365e+02,1.527991e+02,5.166098e+01,8.720293e+01
2.540946e+02,1.535804e+02,5.230846e+01,8.827397e+01
2.550420e+02,1.527537e+02,5.165975e+01,8.717773e+01
2.544744e+02,1.528583e+02,5.162660e+01,8.711642e+01
2.542126e+02,1.531660e+02,5.160508e+01,8.708670e+01
2.541009e+02,1.531646e+02,5.186136e+01,8.752740e+01
2.545981e+02,1.539140e+02,5.106804e+01,8.617465e+01
2.553931e+02,1.544541e+02,5.055116e+01,8.530302e+01
2.546033e+02,1.534822e+02,5.179200e+01,8.741922e+01
2.544387e+02,1.533912e+02,5.085501e+01,8.581525e+01
2.543110e+02,1.526395e+02,5.204828e+01,8.784497e+01
2.556842e+02,1.537363e+02,5.061931e+01,8.543525e+01
2.537775e+02,1.522165e+02,5.311961e+01,8.964465e+01
2.539718e+02,1.525428e+02,5.284102e+01,8.916858e+01
2.531036e+02,1.515775e+02,5.338972e+01,9.009600e+01
2.546235e+02,1.535265e+02,5.119441e+01,8.640374e+01
2.543771e+02,1.521519e+02,5.219468e+01,8.809776e+01
2.550962e+02,1.545082e+02,5.033190e+01,8.494955e+01
2.552675e+02,1.555760e+02,4.916590e+01,8.297428e+01
2.544643e+02,1.537751e+02,5.090918e+01,8.591950e+01
2.547730e+02,1.531225e+02,5.170475e+01,8.726070e+01
2.546754e+02,1.547060e+02,5.078607e+01,8.571229e+01
2.533683e+02,1.526064e+02,5.235039e+01,8.834461e+01
2.548299e+02,1.527056e+02,5.175924e+01,8.734941e+01
2.543693e+02,1.522735e+02,5.225612e+01,8.818738e+01
2.547809e+02,1.544777e+02,5.047201e+01,8.518844e+01
2.551064e+02,1.543817e+02,5.041013e+01,8.508304e+01
2.550216e+02,1.542924e+02,5.019248e+01,8.472168e+01
2.537463e+02,1.521275e+02,5.282421e+01,8.915663e+01
2.543215e+02,1.528531e+02,5.171074e+01,8.727866e+01
2.538166e+02,1.530007e+02,5.263263e+01,8.883648e+01
2.551708e+02,1.537352e+02,5.081571e+01,8.577822e+01
2.546424e+02,1.534531e+02,5.059221e+01,8.539137e+01
2.546854e+02,1.534370e+02,5.152094e+01,8.694581e+01
2.548943e+02,1.542974e+02,5.064339e+01,8.547695e+01
2.543522e+02,1.546930e+02,5.073175e+01,8.562319e+01
2.548784e+02,1.547077e+02,5.052793e+01,8.527567e+01
2.543735e+02,1.536450e+02,5.144035e+01,8.683394e+01
2.538593e+02,1.532689e+02,5.165233e+01,8.718813e+01
2.536819e+02,1.542751e+02,5.075930e+01,8.567658e+01
2.527145e+02,1.536284e+02,5.156021e+01,8.702469e+01
2.248966e+02,1.560994e+02,5.169077e+01,8.724910e+01
2.241558e+02,1.727762e+02,5.021505e+01,8.472978e+01
2.581032e+02,1.789332e+02,5.057884e+01,8.535250e+01
3.001730e+02,1.730200e+02,5.378233e+01,9.076349e+01
2.832715e+02,1.542823e+02,4.914456e+01,8.294372e+01
2.780312e+02,1.468708e+02,4.976682e+01,8.400357e+01
2.780396e+02,1.384778e+02,4.867231e+01,8.215754e+01
2.708554e+02,1.318039e+02,4.586215e+01,7.739988e+01
2.668753e+02,1.221166e+02,4.740055e+01,8.000384e+01
2.656042e+02,1.153362e+02,4.855394e+01,8.193895e+01
2.597892e+02,1.111915e+02,4.768165e+01,8.049572e+01
2.584558e+02,1.030980e+02,4.884038e+01,8.240585e+01
2.578247e+02,9.248468e+01,4.980207e+01,8.404666e+01
2.554004e+02,8.540594e+01,4.612354e+01,7.779163e+01
2.500938e+02,8.002307e+01,4.537923e+01,7.657194e+01
2.534601e+02,7.333904e+01,4.506478e+01,7.601815e+01
2.529510e+02,7.081377e+01,4.423855e+01,7.466122e+01
2.480908e+02,6.573398e+01,4.650636e+01,7.843015e+01
2.448357e+02,6.516519e+01,4.559969e+01,7.688836e+01
2.389313e+02,6.580349e+01,4.569165e+01,7.708987e+01
2.345981e+02,6.674371e+01,4.533220e+01,7.647164e+01
2.302839e+02,6.905973e+01,4.602955e+01,7.769790e+01
2.239850e+02,6.986568e+01,4.515140e+01,7.617995e+01
2.172699e+02,7.365785e+01,4.533030e+01,7.651467e+01
2.127229e+02,7.411450e+01,4.532054e+01,7.650440e+01
2.037388e+02,7.436754e+01,4.855137e+01,8.196878e+01
1.985237e+02,7.554074e+01,4.556782e+01,7.687013e+01
1.876432e+02,7.479195e+01,4.443690e+01,7.500060e+01
1.855878e+02,7.129126e+01,4.513685e+01,7.618754e+01
1.807359e+02,7.008391e+01,4.436576e+01,7.485268e+01
1.756705e+02,6.966313e+01,4.501683e+01,7.595438e+01
1.701007e+02,7.230697e+01,4.018898e+01,6.781361e+01
1.642340e+02,7.176071e+01,4.011197e+01,6.768341e+01
1.641474e+02,6.926956e+01,3.824812e+01,6.454706e+01
1.506950e+02,7.101985e+01,4.093543e+01,6.904560e+01
1.536317e+02,6.871524e+01,3.925181e+01,6.624133e+01
1.551768e+02,6.314738e+01,4.074965e+01,6.878621e+01
1.515568e+02,6.433067e+01,3.527688e+01,5.952915e+01
1.450368e+02,6.713779e+01,3.848958e+01,6.495597e+01
1.463355e+02,6.554554e+01,3.813775e+01,6.436491e+01
1.471783e+02,6.508430e+01,3.576783e+01,6.036441e+01
1.487114e+02,6.183244e+01,3.429888e+01,5.786752e+01
1.512084e+02,5.955958e+01,3.448783e+01,5.819726e+01
1.518568e+02,5.899974e+01,3.638694e+01,6.139676e+01
1.533322e+02,5.907208e+01,3.386645e+01,5.713345e+01
1.526352e+02,5.814356e+01,3.495278e+01,5.896775e+01
1.556647e+02,5.770610e+01,3.351737e+01,5.656257e+01
1.568696e+02,5.838161e+01,3.275227e+01,5.526884e+01
1.571942e+02,5.750053e+01,3.414343e+01,5.762717e+01
1.588116e+02,5.605949e+01,3.509541e+01,5.920089e+01
1.583993e+02,5.690185e+01,3.510217e+01,5.924572e+01
1.593595e+02,5.733952e+01,3.335537e+01,5.626259e+01
1.588202e+02,5.720416e+01,3.724218e+01,6.284444e+01
1.591932e+02,5.871484e+01,3.555767e+01,6.001397e+01
1.577058e+02,6.135311e+01,3.513328e+01,5.925607e+01
1.571165e+02,6.134582e+01,3.621116e+01,6.109970e+01
1.552112e+02,6.168431e+01,3.756195e+01,6.337651e+01
1.588740e+02,6.249005e+01,3.438363e+01,5.803225e+01
1.558824e+02,5.914150e+01,3.785151e+01,6.389615e+01
1.559107e+02,6.462393e+01,3.454935e+01,5.829165e+01
1.496433e+02,6.113486e+01,3.832199e+01,6.467233e+01
1.537456e+02,6.793844e+01,3.342908e+01,5.642210e+01
1.472249e+02,6.201342e+01,3.550502e+01,5.989295e+01
1.464075e+02,6.165100e+01,3.627809e+01,6.121214e+01
1.448622e+02,6.266318e+01,3.652387e+01,6.161325e+01
1.451491e+02,6.306943e+01,3.888302e+01,6.562356e+01
1.499254e+02,7.236654e+01,3.688551e+01,6.223143e+01
1.535460e+02,7.790333e+01,3.206106e+01,5.409100e+01
1.538513e+02,7.857187e+01,3.387722e+01,5.717088e+01
1.488185e+02,8.245511e+01,3.676118e+01,6.203315e+01
1.543555e+02,9.337348e+01,2.528621e+01,4.268014e+01
1.546097e+02,8.628866e+01,3.297632e+01,5.562415e+01
1.545026e+02,8.840129e+01,3.321617e+01,5.603106e+01
1.580816e+02,8.806657e+01,2.990756e+01,5.046258e+01
1.553007e+02,9.083440e+01,3.188914e+01,5.378092e+01
1.567246e+02,8.873247e+01,3.217339e+01,5.427743e+01
1.582336e+02,9.432000e+01,2.769628e+01,4.674242e+01
1.575729e+02,9.243644e+01,2.948555e+01,4.974977e+01
1.580604e+02,9.331030e+01,3.024725e+01,5.103813e+01
1.608681e+02,9.261761e+01,2.798868e+01,4.721626e+01
1.592564e+02,9.096486e+01,2.923675e+01,4.935277e+01
1.609667e+02,9.779344e+01,2.468206e+01,4.167153e+01
1.612769e+02,9.189114e+01,2.930616e+01,4.946691e+01
1.619449e+02,9.698855e+01,2.509792e+01,4.234086e+01
1.664819e+02,9.724985e+01,2.131414e+01,3.597716e+01
1.662038e+02,9.129270e+01,2.631580e+01,4.443115e+01
1.688941e+02,9.326875e+01,2.312215e+01,3.902215e+01
1.668497e+02,9.068260e+01,2.745666e+01,4.632735e+01
1.733234e+02,9.437469e+01,1.860013e+01,3.139544e+01
1.724899e+02,8.661992e+01,2.498892e+01,4.216997e+01
1.731371e+02,8.570028e+01,2.538467e+01,4.285530e+01
1.747011e+02,8.956948e+01,2.263640e+01,3.820460e+01
1.760317e+02,8.803303e+01,2.369298e+01,3.997880e+01
1.796053e+02,8.924653e+01,2.210168e+01,3.729627e+01
1.782953e+02,9.102339e+01,2.241161e+01,3.781848e+01
1.812959e+02,8.857840e+01,2.317488e+01,3.910633e+01
1.837936e+02,8.856690e+01,2.224631e+01,3.755171e+01
1.844404e+02,9.166323e+01,2.019072e+01,3.406833e+01
1.872762e+02,8.797592e+01,2.168912e+01,3.661100e+01
1.905762e+02,8.890555e+01,1.872251e+01,3.160503e+01
1.903376e+02,8.753575e+01,2.102746e+01,3.549461e+01
1.932683e+02,8.917577e+01,1.914085e+01,3.231130e+01
1.949438e+02,8.779727e+01,2.036995e+01,3.438041e+01
1.969716e+02,8.642091e+01,2.011782e+01,3.396267e+01
2.014970e+02,8.593754e+01,1.802079e+01,3.042403e+01
2.035332e+02,8.628139e+01,1.592440e+01,2.688571e+01
2.058084e+02,8.379032e+01,1.674341e+01,2.826698e+01
2.083549e+02,8.213274e+01,1.769646e+01,2.987780e+01
2.086347e+02,8.114573e+01,1.870334e+01,3.157288e+01
2.103534e+02,8.187752e+01,1.735461e+01,2.930008e+01
2.138121e+02,7.874366e+01,1.737379e+01,2.933349e+01
2.123609e+02,7.877772e+01,1.827317e+01,3.085193e+01
2.149948e+02,7.659669e+01,1.839221e+01,3.105208e+01
2.158078e+02,7.465280e+01,1.901310e+01,3.210149e+01
2.164936e+02,7.533302e+01,1.709592e+01,2.886225e+01
2.167407e+02,7.382927e+01,1.838252e+01,3.103485e+01
2.165885e+02,7.348824e+01,1.865891e+01,3.150347e+01
2.181997e+02,7.507679e+01,1.561045e+01,2.635734e+01
2.183967e+02,7.196290e+01,1.796437e+01,3.033006e+01
2.170009e+02,7.178481e+01,1.831409e+01,3.090597e+01
2.196325e+02,6.934295e+01,1.661140e+01,2.804551e+01
2.160820e+02,6.828077e+01,1.963336e+01,3.314906e+01
2.174699e+02,7.010306e+01,1.662139e+01,2.806461e+01
2.163226e+02,6.789948e+01,1.967973e+01,3.322664e+01
2.175091e+02,6.533274e+01,1.950121e+01,3.292215e+01
2.175369e+02,6.393873e+01,2.057877e+01,3.472577e+01
2.180579e+02,6.662132e+01,1.620080e+01,2.735034e+01
2.187451e+02,6.243673e+01,1.941767e+01,3.278643e+01
2.218319e+02,6.450209e+01,1.593303e+01,2.689831e+01
2.190571e+02,6.344852e+01,1.974523e+01,3.333357e+01
2.236349e+02,6.072694e+01,2.013874e+01,3.400166e+01
2.262999e+02,6.420197e+01,1.667755e+01,2.815204e+01
2.259823e+02,6.201927e+01,1.957911e+01,3.305253e+01
2.303754e+02,6.423925e+01,1.650320e+01,2.785768e+01
2.303191e+02,6.534697e+01,1.757751e+01,2.967643e+01
2.321982e+02,6.701986e+01,1.669021e+01,2.817987e+01
2.333997e+02,6.786866e+01,1.647232e+01,2.780937e+01
2.332976e+02,6.761786e+01,1.815595e+01,3.065397e+01
2.345476e+02,6.772336e+01,1.829997e+01,3.089728e+01
2.362755e+02,6.822714e+01,1.693842e+01,2.859148e+01
2.369449e+02,6.818020e+01,1.703022e+01,2.875424e+01
2.381543e+02,6.917040e+01,1.576263e+01,2.661157e+01
2.377555e+02,6.927007e+01,1.658393e+01,2.799933e+01
2.382883e+02,6.821656e+01,1.720087e+01,2.903968e+01
2.397236e+02,6.661539e+01,1.660367e+01,2.803248e+01
2.405368e+02,6.616794e+01,1.706067e+01,2.879545e+01
2.421932e+02,6.664608e+01,1.632225e+01,2.755744e+01
2.420470e+02,6.761673e+01,1.520419e+01,2.567077e+01
2.416608e+02,6.805201e+01,1.506023e+01,2.542726e+01
2.436809e+02,6.672503e+01,1.565256e+01,2.642181e+01
2.439072e+02,6.765823e+01,1.511815e+01,2.552056e+01
2.428872e+02,6.834866e+01,1.472618e+01,2.485831e+01
2.443238e+02,6.572186e+01,1.569078e+01,2.649085e+01
2.437170e+02,6.612727e+01,1.526098e+01,2.576604e+01
2.429906e+02,6.611605e+01,1.672383e+01,2.823468e+01
2.434875e+02,6.674997e+01,1.539695e+01,2.598719e+01
2.437521e+02,6.550632e+01,1.666393e+01,2.813247e+01
2.433768e+02,6.797367e+01,1.488904e+01,2.513867e+01
2.409092e+02,6.779310e+01,1.719370e+01,2.902073e+01
2.408427e+02,6.881790e+01,1.628599e+01,2.749597e+01
2.395038e+02,6.774474e+01,1.790758e+01,3.022445e+01
2.401153e+02,7.015891e+01,1.521533e+01,2.567950e+01
2.404766e+02,6.859289e+01,1.714982e+01,2.895164e+01
2.391982e+02,7.045145e+01,1.593804e+01,2.690094e+01
2.402043e+02,6.952319e+01,1.624406e+01,2.741737e+01
2.409251e+02,7.002577e+01,1.529672e+01,2.582014e+01
2.399981e+02,6.951278e+01,1.673094e+01,2.824575e+01
2.417678e+02,6.925290e+01,1.591597e+01,2.687137e+01
2.416936e+02,7.034267e+01,1.553497e+01,2.623034e+01
2.445130e+02,7.085788e+01,1.374886e+01,2.321079e+01
2.446038e+02,7.055685e+01,1.533919e+01,2.588710e+01
2.464119e+02,7.170741e+01,1.446214e+01,2.441903e+01
2.475866e+02,7.106245e+01,1.486031e+01,2.509108e+01
2.484370e+02,6.976781e+01,1.546130e+01,2.610637e+01
2.517496e+02,7.106562e+01,1.297982e+01,2.191569e+01
2.517584e+02,7.097444e+01,1.451187e+01,2.450312e+01
2.552686e+02,6.922677e+01,1.377345e+01,2.325139e+01
2.553597e+02,6.976814e+01,1.450843e+01,2.449687e+01
2.568236e+02,6.917699e+01,1.520266e+01,2.566906e+01
2.580154e+02,7.016113e+01,1.495521e+01,2.525072e+01
2.598067e+02,6.948857e+01,1.595139e+01,2.693289e+01
2.632582e+02,7.096372e+01,1.379439e+01,2.329093e+01
2.650007e+02,7.007620e+01,1.402751e+01,2.368492e+01
2.689074e+02,7.059238e+01,1.283010e+01,2.166341e+01
2.690469e+02,6.810556e+01,1.498839e+01,2.530683e+01
2.721274e+02,6.753400e+01,1.549509e+01,2.616320e+01
2.740711e+02,6.609436e+01,1.631003e+01,2.753876e+01
2.760802e+02,6.691132e+01,1.549138e+01,2.615603e+01
2.798298e+02,6.693267e+01,1.534473e+01,2.590941e+01
2.811287e+02,6.711926e+01,1.624337e+01,2.742284e+01
2.849789e+02,7.010412e+01,1.300306e+01,2.195571e+01
2.887889e+02,7.366525e+01,1.223289e+01,2.065508e+01
2.917607e+02,7.649391e+01,1.191853e+01,2.012356e+01
2.933437e+02,7.897641e+01,1.298504e+01,2.192476e+01
2.956282e+02,8.126267e+01,1.601797e+01,2.704362e+01
2.968550e+02,8.240361e+01,1.746311e+01,2.948322e+01
3.051604e+02,8.730994e+01,1.308472e+01,2.209197e+01
3.080573e+02,8.888027e+01,1.416975e+01,2.392396e+01
3.102601e+02,9.189434e+01,1.562051e+01,2.637432e+01
3.149958e+02,9.540356e+01,1.570896e+01,2.652357e+01
3.193840e+02,9.911129e+01,1.609209e+01,2.717024e+01
3.238915e+02,1.036637e+02,1.704261e+01,2.877569e+01
3.315672e+02,1.096064e+02,1.716907e+01,2.898668e+01
3.396499e+02,1.190089e+02,1.162662e+01,1.963073e+01
3.495268e+02,1.252537e+02,8.694530e+00,1.467676e+01
3.249056e+02,1.276617e+02,1.230080e+01,2.076920e+01
3.305244e+02,1.340681e+02,1.184660e+01,2.000003e+01
3.577521e+02,1.422781e+02,1.361779e+01,2.299161e+01
3.419963e+02,1.494558e+02,9.928838e+00,1.676422e+01
3.455984e+02,1.560860e+02,1.057144e+01,1.784817e+01
3.492174e+02,1.617648e+02,1.113749e+01,1.880446e+01
3.519769e+02,1.677147e+02,1.092810e+01,1.845236e+01
3.806409e+02,1.745912e+02,1.004982e+01,1.696705e+01
3.796724e+02,1.770209e+02,1.390945e+01,2.348641e+01
3.832667e+02,1.867346e+02,6.967151e+00,1.176417e+01
3.829313e+02,1.890003e+02,1.007826e+01,1.701564e+01
3.824385e+02,1.949741e+02,8.085962e+00,1.365314e+01
3.815493e+02,1.968564e+02,1.036049e+01,1.749269e+01
3.790501e+02,1.997937e+02,1.168552e+01,1.972449e+01
3.792529e+02,2.046257e+02,9.637993e+00,1.627242e+01
3.772040e+02,2.057044e+02,1.214899e+01,2.051367e+01
3.750098e+02,2.102930e+02,1.142191e+01,1.927940e+01
3.737835e+02,2.129904e+02,1.139250e+01,1.923134e+01
3.721471e+02,2.167926e+02,1.015069e+01,1.713310e+01
3.693666e+02,2.191459e+02,1.084795e+01,1.831105e+01
3.695308e+02,2.218814e+02,1.100273e+01,1.857155e+01
3.661639e+02,2.245450e+02,1.328243e+01,2.242397e+01
3.666384e+02,2.303793e+02,1.081336e+01,1.825226e+01
3.662811e+02,2.339217e+02,1.081666e+01,1.826239e+01
3.674963e+02,2.361071e+02,9.798801e+00,1.654202e+01
3.666727e+02,2.385757e+02,1.072409e+01,1.810443e+01
3.659284e+02,2.393903e+02,1.349821e+01,2.278285e+01
3.666962e+02,2.431866e+02,1.252623e+01,2.114199e+01
3.688747e+02,2.439452e+02,1.417317e+01,2.391929e+01
3.699531e+02,2.470969e+02,1.388602e+01,2.344229e+01
3.685158e+02,2.510017e+02,1.346067e+01,2.271938e+01
3.745839e+02,2.518546e+02,1.401844e+01,2.366278e+01
3.772988e+02,2.530625e+02,1.344094e+01,2.269381e+01
3.778387e+02,2.548529e+02,1.350726e+01,2.280295e+01
3.824457e+02,2.565051e+02,1.309807e+01,2.210724e+01
3.861954e+02,2.550801e+02,1.528034e+01,2.579203e+01
3.851974e+02,2.587357e+02,1.415832e+01,2.389680e+01
3.885523e+02,2.580721e+02,1.486140e+01,2.508509e+01
3.877529e+02,2.610290e+02,1.281359e+01,2.162722e+01
3.909889e+02,2.572933e+02,1.534053e+01,2.589089e+01
3.908998e+02,2.558772e+02,1.686079e+01,2.845773e+01
3.884781e+02,2.615480e+02,1.176696e+01,1.986351e+01
3.886650e+02,2.590360e+02,1.497314e+01,2.527814e+01
3.863244e+02,2.610813e+02,1.289017e+01,2.176229e+01
3.832274e+02,2.587340e+02,1.637763e+01,2.764230e+01
3.846488e+02,2.591385e+02,1.396189e+01,2.357186e+01
3.800450e+02,2.606685e+02,1.364855e+01,2.303540e+01
3.818439e+02,2.580298e+02,1.389755e+01,2.346325e+01
