121,58,51,50
1.211507e+02,5.817070e+01,5.122032e+01,5.021600e+01
1.211554e+02,5.882736e+01,5.127826e+01,5.027281e+01
1.215873e+02,5.991002e+01,5.077355e+01,4.977799e+01
1.212794e+02,6.096763e+01,5.064356e+01,4.965056e+01
1.210433e+02,6.200950e+01,5.094557e+01,4.994665e+01
1.203443e+02,6.310618e+01,5.196306e+01,5.094418e+01
1.203283e+02,6.442534e+01,5.147059e+01,5.046136e+01
1.204865e+02,6.526480e+01,5.043182e+01,4.944297e+01
1.201031e+02,6.517243e+01,5.145388e+01,5.044500e+01
1.197149e+02,6.545170e+01,5.185499e+01,5.083823e+01
1.200798e+02,6.622679e+01,5.068555e+01,4.969172e+01
1.196943e+02,6.645899e+01,5.143611e+01,5.042757e+01
1.194667e+02,6.633622e+01,5.128455e+01,5.027898e+01
1.189745e+02,6.666822e+01,5.187240e+01,5.085531e+01
1.192803e+02,6.677406e+01,5.153381e+01,5.052338e+01
1.191691e+02,6.758890e+01,5.149168e+01,5.048204e+01
1.186622e+02,6.786086e+01,5.171359e+01,5.069961e+01
1.186377e+02,6.839194e+01,5.162433e+01,5.061209e+01
1.182266e+02,6.833025e+01,5.154482e+01,5.053414e+01
1.185579e+02,6.884731e+01,5.120399e+01,5.019999e+01
1.178625e+02,6.892356e+01,5.169976e+01,5.068627e+01
1.178520e+02,6.851452e+01,5.170273e+01,5.068896e+01
1.181829e+02,6.908650e+01,5.085482e+01,4.985773e+01
1.182396e+02,7.027655e+01,5.019289e+01,4.920871e+01
1.172182e+02,6.972562e+01,5.135433e+01,5.034740e+01
1.166983e+02,7.013345e+01,5.161676e+01,5.060469e+01
1.169165e+02,7.020266e+01,5.144334e+01,5.043465e+01
1.163694e+02,6.970075e+01,5.154859e+01,5.053789e+01
1.160602e+02,6.986412e+01,5.189362e+01,5.087615e+01
1.160017e+02,6.915036e+01,5.093378e+01,4.993513e+01
1.145570e+02,6.878050e+01,5.152684e+01,5.051654e+01
1.132018e+02,6.799778e+01,5.089870e+01,4.990073e+01
1.108926e+02,6.775216e+01,5.112579e+01,5.012343e+01
1.096674e+02,6.646490e+01,5.041466e+01,4.942630e+01
1.073022e+02,6.581175e+01,5.017429e+01,4.919067e+01
1.052895e+02,6.471432e+01,5.014282e+01,4.915980e+01
1.040183e+02,6.404826e+01,4.993446e+01,4.895546e+01
1.030074e+02,6.375238e+01,5.023545e+01,4.925064e+01
1.029624e+02,6.333554e+01,4.960283e+01,4.863053e+01
1.033939e+02,6.419055e+01,4.938687e+01,4.841876e+01
1.041918e+02,6.334082e+01,4.916652e+01,4.820277e+01
1.048498e+02,6.261956e+01,4.951221e+01,4.854160e+01
1.057668e+02,6.236368e+01,4.945852e+01,4.848903e+01
1.064288e+02,6.177959e+01,4.913510e+01,4.817205e+01
1.084407e+02,5.991589e+01,4.908689e+01,4.812473e+01
1.103304e+02,5.962234e+01,4.890128e+01,4.794287e+01
1.095801e+02,5.836114e+01,4.986821e+01,4.889053e+01
1.104862e+02,5.881148e+01,4.957402e+01,4.860237e+01
1.112624e+02,5.924367e+01,4.943164e+01,4.846273e+01
1.121363e+02,6.070980e+01,4.892257e+01,4.796364e+01
1.120988e+02,6.211812e+01,4.964850e+01,4.867514e+01
1.129599e+02,6.414657e+01,4.971875e+01,4.874408e+01
1.127420e+02,6.613444e+01,5.006147e+01,4.908015e+01
1.131370e+02,6.871824e+01,4.969190e+01,4.871765e+01
1.131048e+02,7.167415e+01,5.021254e+01,4.922833e+01
1.128759e+02,7.379773e+01,5.105276e+01,5.005211e+01
1.128534e+02,7.580302e+01,5.077143e+01,4.977605e+01
1.127338e+02,7.759086e+01,5.153105e+01,5.052085e+01
1.129797e+02,8.065031e+01,4.995738e+01,4.897814e+01
1.123789e+02,8.175803e+01,5.097551e+01,4.997636e+01
1.120955e+02,8.422338e+01,5.086320e+01,4.986628e+01
1.115458e+02,8.724778e+01,5.059536e+01,4.960380e+01
1.117195e+02,8.887950e+01,5.008844e+01,4.910659e+01
1.120578e+02,9.068643e+01,4.997124e+01,4.899180e+01
1.126592e+02,9.158927e+01,5.030612e+01,4.931995e+01
1.141512e+02,9.179831e+01,5.092453e+01,4.992627e+01
1.156450e+02,9.224424e+01,5.138188e+01,5.037465e+01
1.172614e+02,9.371951e+01,5.054992e+01,4.955916e+01
1.184671e+02,9.382438e+01,5.072172e+01,4.972772e+01
1.196814e+02,9.451670e+01,5.151326e+01,5.050369e+01
1.219433e+02,9.486611e+01,5.116823e+01,5.016559e+01
1.233839e+02,9.415016e+01,5.147292e+01,5.046419e+01
1.259000e+02,9.274498e+01,5.130693e+01,5.030145e+01
1.264425e+02,9.209626e+01,5.096607e+01,4.996707e+01
1.253573e+02,9.004068e+01,5.174983e+01,5.073522e+01
1.249651e+02,8.818689e+01,5.131183e+01,5.030645e+01
1.249598e+02,8.638872e+01,4.984175e+01,4.886508e+01
1.235640e+02,8.272547e+01,5.153262e+01,5.052236e+01
1.231688e+02,8.069151e+01,5.163890e+01,5.062732e+01
1.230921e+02,7.884968e+01,5.080296e+01,4.980732e+01
1.227850e+02,7.673198e+01,5.052695e+01,4.953665e+01
1.228349e+02,7.547710e+01,5.025923e+01,4.927445e+01
1.224766e+02,7.462582e+01,5.073145e+01,4.973742e+01
1.224849e+02,7.407826e+01,5.049042e+01,4.950046e+01
1.225433e+02,7.378859e+01,5.074316e+01,4.974824e+01
1.228729e+02,7.346723e+01,4.972848e+01,4.875394e+01
1.225258e+02,7.254951e+01,4.969824e+01,4.872490e+01
1.219034e+02,7.174040e+01,5.020760e+01,4.922347e+01
1.209203e+02,7.076972e+01,5.035588e+01,4.936860e+01
1.205395e+02,7.004669e+01,4.990860e+01,4.893116e+01
1.201176e+02,6.909083e+01,4.906540e+01,4.810442e+01
1.176913e+02,6.693855e+01,5.048291e+01,4.949309e+01
1.164910e+02,6.566268e+01,5.095448e+01,4.995541e+01
1.152024e+02,6.444277e+01,4.973603e+01,4.876081e+01
1.123745e+02,6.366225e+01,5.005315e+01,4.907175e+01
1.102099e+02,6.247149e+01,5.067385e+01,4.968028e+01
1.080329e+02,6.158294e+01,4.993249e+01,4.895347e+01
1.066212e+02,6.151137e+01,4.969722e+01,4.872280e+01
1.056049e+02,6.170466e+01,4.836472e+01,4.741640e+01
1.042053e+02,6.130782e+01,4.842391e+01,4.747444e+01
1.029217e+02,6.137606e+01,4.881017e+01,4.785313e+01
1.020781e+02,6.143765e+01,4.853113e+01,4.757955e+01
1.021123e+02,6.110182e+01,4.878861e+01,4.783199e+01
1.016311e+02,6.133896e+01,4.849674e+01,4.754587e+01
1.007630e+02,6.100930e+01,4.910139e+01,4.813863e+01
1.006755e+02,6.048770e+01,4.942054e+01,4.845151e+01
1.010437e+02,6.025027e+01,4.953053e+01,4.855936e+01
1.013071e+02,6.028463e+01,4.964125e+01,4.866791e+01
1.026780e+02,6.120241e+01,4.878991e+01,4.783325e+01
1.038396e+02,6.152283e+01,4.919496e+01,4.823037e+01
1.045430e+02,6.201678e+01,4.878097e+01,4.782449e+01
1.046407e+02,6.241283e+01,5.012297e+01,4.914017e+01
1.055526e+02,6.297191e+01,4.983272e+01,4.885562e+01
1.065660e+02,6.382314e+01,4.987284e+01,4.889496e+01
1.078031e+02,6.516207e+01,5.024150e+01,4.925638e+01
1.082508e+02,6.634280e+01,5.105834e+01,5.005725e+01
1.099995e+02,6.775417e+01,5.001554e+01,4.903484e+01
1.101813e+02,6.834280e+01,5.055656e+01,4.956526e+01
1.114305e+02,7.030367e+01,5.087589e+01,4.987832e+01
1.103765e+02,7.075606e+01,5.158187e+01,5.057051e+01
1.120461e+02,7.257296e+01,4.947993e+01,4.850973e+01
1.119376e+02,7.243474e+01,5.004030e+01,4.905915e+01
1.123724e+02,7.362321e+01,5.009123e+01,4.910911e+01
1.133502e+02,7.403218e+01,5.059682e+01,4.960473e+01
1.139463e+02,7.470158e+01,5.065188e+01,4.965870e+01
1.142198e+02,7.531322e+01,5.042610e+01,4.943737e+01
1.138621e+02,7.500819e+01,5.112719e+01,5.012470e+01
1.136980e+02,7.518120e+01,5.049562e+01,4.950554e+01
1.134868e+02,7.435610e+01,5.119169e+01,5.018795e+01
1.133755e+02,7.364035e+01,5.131655e+01,5.031036e+01
1.140156e+02,7.374140e+01,5.054627e+01,4.955518e+01
1.136287e+02,7.294271e+01,5.098609e+01,4.998638e+01
1.140077e+02,7.338004e+01,5.049571e+01,4.950571e+01
1.138306e+02,7.377309e+01,5.063920e+01,4.964638e+01
1.138293e+02,7.352671e+01,5.093242e+01,4.993386e+01
1.137076e+02,7.325303e+01,5.112937e+01,5.012692e+01
1.135912e+02,7.402055e+01,5.032544e+01,4.933867e+01
1.128559e+02,7.411408e+01,5.071422e+01,4.971988e+01
1.119375e+02,7.373045e+01,5.052898e+01,4.953833e+01
1.116058e+02,7.345912e+01,5.054555e+01,4.955455e+01
1.101250e+02,7.351569e+01,5.071048e+01,4.971616e+01
1.090769e+02,7.315742e+01,5.084394e+01,4.984709e+01
1.065531e+02,7.202715e+01,5.198830e+01,5.096905e+01
1.042275e+02,7.210779e+01,5.172954e+01,5.071526e+01
1.025332e+02,7.174736e+01,5.187919e+01,5.086196e+01
1.020303e+02,7.222547e+01,5.160337e+01,5.059163e+01
1.012064e+02,7.261064e+01,5.182107e+01,5.080510e+01
1.017339e+02,7.217045e+01,5.113222e+01,5.012974e+01
1.014431e+02,7.215494e+01,5.162700e+01,5.061471e+01
1.017932e+02,7.207173e+01,5.179522e+01,5.077969e+01
1.027132e+02,7.287124e+01,5.085215e+01,4.985505e+01
1.027773e+02,7.281633e+01,5.147385e+01,5.046459e+01
1.029758e+02,7.330958e+01,5.138343e+01,5.037599e+01
1.039008e+02,7.372978e+01,5.097028e+01,4.997091e+01
1.038292e+02,7.471545e+01,5.163660e+01,5.062416e+01
1.042421e+02,7.503363e+01,5.106987e+01,5.006850e+01
1.053117e+02,7.537271e+01,5.081732e+01,4.982090e+01
1.048029e+02,7.523506e+01,5.179775e+01,5.078211e+01
1.050286e+02,7.458239e+01,5.185106e+01,5.083437e+01
1.052915e+02,7.456328e+01,5.127154e+01,5.026622e+01
1.055609e+02,7.368985e+01,5.168581e+01,5.067248e+01
1.057190e+02,7.369401e+01,5.172900e+01,5.071475e+01
1.057406e+02,7.375692e+01,5.143341e+01,5.042496e+01
1.060535e+02,7.394200e+01,5.152811e+01,5.051781e+01
1.060936e+02,7.369565e+01,5.084750e+01,4.985051e+01
1.058577e+02,7.362024e+01,5.156650e+01,5.055549e+01
1.055829e+02,7.336336e+01,5.226129e+01,5.123661e+01
1.057398e+02,7.383076e+01,5.152474e+01,5.051449e+01
1.060221e+02,7.347623e+01,5.106978e+01,5.006853e+01
1.055464e+02,7.344909e+01,5.130055e+01,5.029471e+01
1.056836e+02,7.375244e+01,5.061705e+01,4.962460e+01
1.045421e+02,7.283841e+01,5.137352e+01,5.036628e+01
1.039983e+02,7.190978e+01,5.182045e+01,5.080453e+01
1.045060e+02,7.227636e+01,5.058658e+01,4.959479e+01
1.033229e+02,7.160702e+01,5.093666e+01,4.993793e+01
1.027186e+02,7.128844e+01,5.133921e+01,5.033257e+01
1.020727e+02,7.134643e+01,5.081181e+01,4.981567e+01
1.018533e+02,7.066751e+01,5.080837e+01,4.981213e+01
1.023306e+02,7.144163e+01,4.970246e+01,4.872793e+01
1.019450e+02,7.109852e+01,5.004745e+01,4.906626e+01
1.009525e+02,7.062592e+01,5.014068e+01,4.915760e+01
1.002274e+02,7.086455e+01,5.050132e+01,4.951111e+01
1.013000e+02,7.075401e+01,4.973429e+01,4.875918e+01
1.012736e+02,7.138165e+01,4.945363e+01,4.848400e+01
1.010034e+02,7.101884e+01,4.939695e+01,4.842843e+01
1.010078e+02,7.164764e+01,4.911348e+01,4.815058e+01
1.011735e+02,7.198782e+01,4.886963e+01,4.791151e+01
1.016469e+02,7.213624e+01,4.805383e+01,4.711180e+01
1.013886e+02,7.191633e+01,4.793839e+01,4.699859e+01
1.016766e+02,7.231059e+01,4.794008e+01,4.700023e+01
1.015405e+02,7.250863e+01,4.792674e+01,4.698726e+01
1.023685e+02,7.223688e+01,4.737823e+01,4.644938e+01
1.017960e+02,7.212962e+01,4.825082e+01,4.730479e+01
1.026133e+02,7.276356e+01,4.761517e+01,4.668184e+01
1.033886e+02,7.292584e+01,4.762459e+01,4.669108e+01
1.039376e+02,7.350192e+01,4.734023e+01,4.641215e+01
1.046904e+02,7.433738e+01,4.696588e+01,4.604508e+01
1.041625e+02,7.456528e+01,4.790528e+01,4.696628e+01
1.046690e+02,7.519890e+01,4.711952e+01,4.619595e+01
1.051423e+02,7.582466e+01,4.671627e+01,4.580034e+01
1.056296e+02,7.692792e+01,4.624505e+01,4.533834e+01
1.059215e+02,7.763194e+01,4.611932e+01,4.521508e+01
1.058551e+02,7.772787e+01,4.651300e+01,4.560104e+01
1.059987e+02,7.781695e+01,4.692597e+01,4.600594e+01
1.069367e+02,7.914261e+01,4.630899e+01,4.540105e+01
1.066933e+02,7.906172e+01,4.661967e+01,4.570573e+01
1.064502e+02,7.901153e+01,4.644035e+01,4.552991e+01
1.070793e+02,8.041162e+01,4.512828e+01,4.424348e+01
1.060580e+02,8.039292e+01,4.550517e+01,4.461302e+01
1.059520e+02,8.119255e+01,4.536596e+01,4.447660e+01
1.056307e+02,8.159959e+01,4.516513e+01,4.427960e+01
1.055767e+02,8.169269e+01,4.481539e+01,4.393668e+01
1.054359e+02,8.163845e+01,4.470318e+01,4.382668e+01
1.050593e+02,8.183016e+01,4.445541e+01,4.358375e+01
1.050785e+02,8.167994e+01,4.451919e+01,4.364628e+01
1.046347e+02,8.099901e+01,4.502388e+01,4.414109e+01
1.042760e+02,8.037867e+01,4.488077e+01,4.400080e+01
1.042238e+02,8.083147e+01,4.427890e+01,4.341073e+01
1.040009e+02,8.022469e+01,4.446161e+01,4.358988e+01
1.042512e+02,8.116030e+01,4.334511e+01,4.249523e+01
1.032149e+02,8.057834e+01,4.425370e+01,4.338606e+01
1.032761e+02,7.983528e+01,4.371879e+01,4.286159e+01
1.028511e+02,7.917919e+01,4.376472e+01,4.290661e+01
1.021362e+02,7.963145e+01,4.352043e+01,4.266714e+01
1.011773e+02,7.926694e+01,4.317772e+01,4.233117e+01
1.009564e+02,7.915853e+01,4.368139e+01,4.282496e+01
1.007412e+02,7.883820e+01,4.243382e+01,4.160181e+01
1.004765e+02,7.840185e+01,4.236227e+01,4.153166e+01
1.001286e+02,7.807016e+01,4.260142e+01,4.176620e+01
9.969491e+01,7.790921e+01,4.223997e+01,4.141179e+01
9.900032e+01,7.763414e+01,4.382893e+01,4.296954e+01
1.003150e+02,7.852706e+01,4.243344e+01,4.160148e+01
1.004282e+02,7.864405e+01,4.272931e+01,4.189170e+01
1.005203e+02,7.926065e+01,4.356398e+01,4.270998e+01
1.006033e+02,7.960677e+01,4.362355e+01,4.276841e+01
1.013370e+02,8.001497e+01,4.312241e+01,4.227692e+01
1.012137e+02,8.084750e+01,4.329608e+01,4.244750e+01
1.004344e+02,8.099644e+01,4.299688e+01,4.215403e+01
1.002933e+02,8.132185e+01,4.333119e+01,4.248179e+01
9.984569e+01,8.141099e+01,4.372202e+01,4.286481e+01
9.983828e+01,8.086351e+01,4.408147e+01,4.321732e+01
1.003325e+02,8.073171e+01,4.397519e+01,4.311334e+01
1.004822e+02,8.022968e+01,4.464930e+01,4.377400e+01
1.006068e+02,8.004623e+01,4.514974e+01,4.426453e+01
1.011681e+02,8.040037e+01,4.443497e+01,4.356381e+01
1.009819e+02,8.037275e+01,4.544418e+01,4.455318e+01
1.007416e+02,8.021236e+01,4.572700e+01,4.483048e+01
1.008939e+02,8.080837e+01,4.509360e+01,4.420944e+01
1.004318e+02,8.073491e+01,4.551810e+01,4.462563e+01
1.003576e+02,8.078205e+01,4.562914e+01,4.473454e+01
9.972184e+01,8.023705e+01,4.621682e+01,4.531067e+01
9.971661e+01,7.871475e+01,4.618237e+01,4.527690e+01
9.889249e+01,7.698911e+01,4.633221e+01,4.542374e+01
9.899498e+01,7.568005e+01,4.589039e+01,4.499069e+01
9.861231e+01,7.376015e+01,4.618691e+01,4.528130e+01
9.850825e+01,7.237700e+01,4.624241e+01,4.533572e+01
9.873683e+01,7.034137e+01,4.633279e+01,4.542486e+01
9.853973e+01,6.787249e+01,4.640701e+01,4.549717e+01
9.879900e+01,6.608831e+01,4.631537e+01,4.540724e+01
9.862708e+01,6.381780e+01,4.615020e+01,4.524529e+01
9.886199e+01,6.221724e+01,4.576045e+01,4.486319e+01
9.860079e+01,6.007022e+01,4.606201e+01,4.515884e+01
9.895238e+01,5.866653e+01,4.558560e+01,4.469176e+01
9.867574e+01,5.662298e+01,4.601196e+01,4.510977e+01
9.893843e+01,5.519953e+01,4.424493e+01,4.337739e+01
9.929488e+01,5.338657e+01,4.446335e+01,4.359153e+01
9.862091e+01,5.096943e+01,4.541680e+01,4.452629e+01
9.889852e+01,4.953721e+01,4.579995e+01,4.490192e+01
9.926223e+01,4.770520e+01,4.494777e+01,4.406647e+01
9.959047e+01,4.667877e+01,4.466530e+01,4.378954e+01
9.933185e+01,4.659145e+01,4.489226e+01,4.401202e+01
9.989748e+01,4.714285e+01,4.482232e+01,4.394347e+01
1.008397e+02,4.802277e+01,4.457000e+01,4.369613e+01
1.016105e+02,4.870401e+01,4.506219e+01,4.417864e+01
1.017918e+02,4.942884e+01,4.620623e+01,4.530027e+01
1.035706e+02,5.172949e+01,4.538989e+01,4.449991e+01
1.045150e+02,5.363460e+01,4.530481e+01,4.441648e+01
1.056756e+02,5.532894e+01,4.561320e+01,4.471884e+01
1.063764e+02,5.646627e+01,4.648871e+01,4.557725e+01
1.080894e+02,5.786303e+01,4.665103e+01,4.573637e+01
1.087635e+02,5.839246e+01,4.703883e+01,4.611655e+01
1.112700e+02,6.025696e+01,4.677801e+01,4.586084e+01
1.118214e+02,6.063445e+01,4.707569e+01,4.615269e+01
1.129778e+02,6.077310e+01,4.673266e+01,4.581647e+01
1.137659e+02,6.136630e+01,4.710071e+01,4.617726e+01
1.143367e+02,6.192948e+01,4.706167e+01,4.613891e+01
1.145285e+02,6.172491e+01,4.702208e+01,4.610013e+01
1.146084e+02,6.255590e+01,4.758535e+01,4.665231e+01
1.155805e+02,6.360318e+01,4.711675e+01,4.619310e+01
1.164368e+02,6.481544e+01,4.722337e+01,4.629742e+01
1.172742e+02,6.560684e+01,4.787337e+01,4.693469e+01
1.183278e+02,6.697362e+01,4.744949e+01,4.651913e+01
1.192518e+02,6.801580e+01,4.778178e+01,4.684494e+01
1.206898e+02,7.068938e+01,4.661283e+01,4.569886e+01
1.214571e+02,7.187156e+01,4.699075e+01,4.606950e+01
1.219581e+02,7.284995e+01,4.762174e+01,4.668825e+01
1.224115e+02,7.526152e+01,4.660750e+01,4.569363e+01
1.221450e+02,7.580458e+01,4.752059e+01,4.658883e+01
1.216098e+02,7.752897e+01,4.743942e+01,4.650924e+01
1.210750e+02,7.973710e+01,4.815380e+01,4.720964e+01
1.206821e+02,8.109058e+01,4.792830e+01,4.698855e+01
1.206234e+02,8.388236e+01,4.748745e+01,4.655633e+01
1.207881e+02,8.529742e+01,4.704833e+01,4.612583e+01
1.192416e+02,8.598406e+01,4.725437e+01,4.632782e+01
1.192364e+02,8.663516e+01,4.603589e+01,4.513333e+01
1.172596e+02,8.643406e+01,4.791760e+01,4.697805e+01
1.159969e+02,8.623028e+01,4.829175e+01,4.734488e+01
1.152866e+02,8.609247e+01,4.901313e+01,4.805215e+01
1.148410e+02,8.576504e+01,4.839822e+01,4.744927e+01
1.148011e+02,8.704037e+01,4.771401e+01,4.677849e+01
1.140529e+02,8.594044e+01,4.831890e+01,4.737157e+01
1.134389e+02,8.602848e+01,4.854127e+01,4.758959e+01
1.119037e+02,8.581699e+01,4.919265e+01,4.822826e+01
1.118036e+02,8.503581e+01,4.833906e+01,4.739131e+01
1.107736e+02,8.438177e+01,4.907704e+01,4.811488e+01
1.087602e+02,8.373892e+01,4.967735e+01,4.870341e+01
1.070809e+02,8.294052e+01,4.980403e+01,4.882760e+01
1.061251e+02,8.195861e+01,4.957184e+01,4.859987e+01
1.048641e+02,8.176766e+01,4.903515e+01,4.807371e+01
1.030598e+02,8.088787e+01,5.051603e+01,4.952552e+01
1.013675e+02,8.094008e+01,5.011159e+01,4.912906e+01
9.934481e+01,7.994871e+01,5.075842e+01,4.976319e+01
9.807287e+01,8.010924e+01,5.010873e+01,4.912638e+01
9.595537e+01,7.867407e+01,5.120782e+01,5.020375e+01
9.435825e+01,7.814585e+01,5.048414e+01,4.949435e+01
9.317243e+01,7.758113e+01,5.061935e+01,4.962689e+01
9.129162e+01,7.694230e+01,5.069177e+01,4.969802e+01
9.044623e+01,7.644839e+01,5.027260e+01,4.928707e+01
8.868494e+01,7.596845e+01,5.191394e+01,5.089622e+01
8.756317e+01,7.603826e+01,5.138221e+01,5.037484e+01
8.551337e+01,7.541372e+01,5.265256e+01,5.162025e+01
8.478211e+01,7.556447e+01,5.142767e+01,5.041934e+01
8.362566e+01,7.475222e+01,5.146446e+01,5.045555e+01
8.208983e+01,7.473990e+01,5.188315e+01,5.086598e+01
8.081704e+01,7.405246e+01,5.174833e+01,5.073366e+01
7.873270e+01,7.405672e+01,5.206763e+01,5.104672e+01
7.778883e+01,7.465296e+01,5.137585e+01,5.036860e+01
7.542886e+01,7.483548e+01,5.264336e+01,5.161113e+01
7.386732e+01,7.543054e+01,5.250373e+01,5.147434e+01
7.164264e+01,7.508601e+01,5.308784e+01,5.204691e+01
7.037719e+01,7.505131e+01,5.336329e+01,5.231695e+01
6.910495e+01,7.487000e+01,5.309309e+01,5.205205e+01
6.781284e+01,7.554501e+01,5.354363e+01,5.249376e+01
6.610924e+01,7.467830e+01,5.421955e+01,5.315649e+01
6.486887e+01,7.488111e+01,5.369109e+01,5.263846e+01
6.335364e+01,7.529179e+01,5.350906e+01,5.245999e+01
6.201069e+01,7.558558e+01,5.290555e+01,5.186818e+01
5.969621e+01,7.439566e+01,5.489711e+01,5.382084e+01
5.924068e+01,7.560559e+01,5.264818e+01,5.161590e+01
5.697550e+01,7.512001e+01,5.394511e+01,5.288748e+01
5.509302e+01,7.555678e+01,5.421490e+01,5.315201e+01
5.403631e+01,7.555199e+01,5.407612e+01,5.301602e+01
5.161109e+01,7.600075e+01,5.431673e+01,5.325183e+01
5.102782e+01,7.634762e+01,5.289455e+01,5.185761e+01
4.926524e+01,7.597628e+01,5.396625e+01,5.290810e+01
4.870700e+01,7.501321e+01,5.366369e+01,5.261146e+01
4.792271e+01,7.414506e+01,5.321354e+01,5.217019e+01
4.694412e+01,7.372160e+01,5.384786e+01,5.279202e+01
4.632389e+01,7.323129e+01,5.419450e+01,5.313189e+01
4.578431e+01,7.338861e+01,5.360616e+01,5.255510e+01
4.582288e+01,7.356206e+01,5.430764e+01,5.324298e+01
4.621989e+01,7.317892e+01,5.356795e+01,5.251769e+01
4.796095e+01,7.186707e+01,5.352117e+01,5.247180e+01
4.935758e+01,7.061361e+01,5.376430e+01,5.271027e+01
5.142857e+01,6.902796e+01,5.413331e+01,5.307218e+01
5.367114e+01,6.833210e+01,5.343227e+01,5.238466e+01
5.514951e+01,6.761815e+01,5.302851e+01,5.198875e+01
5.548709e+01,6.654368e+01,5.370751e+01,5.265460e+01
5.658113e+01,6.469530e+01,5.416729e+01,5.310557e+01
5.869878e+01,6.421142e+01,5.303024e+01,5.199060e+01
5.892836e+01,6.126939e+01,5.401812e+01,5.295900e+01
6.078670e+01,5.945072e+01,5.349289e+01,5.244412e+01
6.177340e+01,5.747084e+01,5.313632e+01,5.209462e+01
6.298235e+01,5.573779e+01,5.354735e+01,5.249761e+01
6.363894e+01,5.432033e+01,5.328473e+01,5.224015e+01
6.537250e+01,5.244433e+01,5.386333e+01,5.280718e+01
6.691666e+01,5.210289e+01,5.282186e+01,5.178629e+01
6.908922e+01,5.110907e+01,5.231180e+01,5.128619e+01
7.011157e+01,4.936255e+01,5.347872e+01,5.243028e+01
7.242228e+01,4.802711e+01,5.323648e+01,5.219293e+01
7.523979e+01,4.719378e+01,5.284625e+01,5.181017e+01
7.708507e+01,4.566846e+01,5.305499e+01,5.201470e+01
7.989686e+01,4.522019e+01,5.227123e+01,5.124643e+01
8.267440e+01,4.620738e+01,5.105831e+01,5.005741e+01
8.326262e+01,4.489470e+01,5.306297e+01,5.202263e+01
8.568901e+01,4.597150e+01,5.209377e+01,5.107260e+01
8.773503e+01,4.615212e+01,5.222514e+01,5.120137e+01
8.936091e+01,4.713147e+01,5.210011e+01,5.107883e+01
9.199811e+01,4.825334e+01,5.167752e+01,5.066450e+01
9.341710e+01,4.923596e+01,5.213160e+01,5.110967e+01
9.519780e+01,5.078714e+01,5.107096e+01,5.006971e+01
9.663471e+01,5.218752e+01,5.142610e+01,5.041811e+01
9.800779e+01,5.393194e+01,5.172442e+01,5.071029e+01
9.854848e+01,5.529232e+01,5.203959e+01,5.101960e+01
9.961547e+01,5.744283e+01,5.108758e+01,5.008598e+01
1.002591e+02,5.871208e+01,5.201794e+01,5.099810e+01
1.014210e+02,6.020924e+01,5.167117e+01,5.065831e+01
1.014936e+02,6.288255e+01,5.180419e+01,5.078870e+01
1.019759e+02,6.498879e+01,5.132328e+01,5.031701e+01
1.017622e+02,6.701341e+01,5.227369e+01,5.124888e+01
1.027330e+02,6.941935e+01,5.106007e+01,5.005928e+01
1.031491e+02,7.225454e+01,5.061797e+01,4.962568e+01
1.027714e+02,7.391695e+01,5.118404e+01,5.018047e+01
1.027424e+02,7.647634e+01,5.146422e+01,5.045530e+01
1.037982e+02,7.873520e+01,5.092732e+01,4.992884e+01
1.040052e+02,8.123264e+01,5.079731e+01,4.980129e+01
1.041448e+02,8.354334e+01,5.071081e+01,4.971657e+01
1.047640e+02,8.550373e+01,5.091959e+01,4.992126e+01
1.049878e+02,8.736934e+01,5.068566e+01,4.969184e+01
1.049463e+02,9.002454e+01,5.165784e+01,5.064512e+01
1.050440e+02,9.316551e+01,5.126589e+01,5.026072e+01
1.050059e+02,9.573130e+01,5.150725e+01,5.049731e+01
1.050470e+02,9.808055e+01,5.204811e+01,5.102761e+01
1.055433e+02,1.008215e+02,5.191473e+01,5.089681e+01
1.058643e+02,1.039140e+02,5.140741e+01,5.039945e+01
1.056133e+02,1.060477e+02,5.155988e+01,5.054911e+01
1.056991e+02,1.083018e+02,5.181216e+01,5.079642e+01
1.056250e+02,1.111448e+02,5.171466e+01,5.070069e+01
1.051462e+02,1.135870e+02,5.137088e+01,5.036361e+01
1.040930e+02,1.152345e+02,5.266179e+01,5.162921e+01
1.039940e+02,1.180637e+02,5.164960e+01,5.063686e+01
1.036111e+02,1.202902e+02,5.236103e+01,5.133438e+01
1.035209e+02,1.230308e+02,5.205499e+01,5.103437e+01
1.034023e+02,1.261210e+02,5.189743e+01,5.087999e+01
1.033344e+02,1.281914e+02,5.102345e+01,5.002337e+01
1.023178e+02,1.307045e+02,5.180513e+01,5.078939e+01
1.024144e+02,1.331739e+02,5.180701e+01,5.079134e+01
1.011595e+02,1.345416e+02,5.323213e+01,5.218841e+01
1.015542e+02,1.375464e+02,5.194207e+01,5.092361e+01
1.011119e+02,1.393794e+02,5.306833e+01,5.202779e+01
1.006124e+02,1.416915e+02,5.350370e+01,5.245462e+01
1.002262e+02,1.439997e+02,5.310100e+01,5.205982e+01
1.002162e+02,1.465639e+02,5.192486e+01,5.090732e+01
9.967628e+01,1.485645e+02,5.185670e+01,5.083991e+01
9.927255e+01,1.504921e+02,5.216824e+01,5.114533e+01
9.813478e+01,1.517501e+02,5.251546e+01,5.148575e+01
9.764177e+01,1.531928e+02,5.285090e+01,5.181533e+01
9.718750e+01,1.544527e+02,5.281220e+01,5.177708e+01
9.659377e+01,1.566222e+02,5.260801e+01,5.157684e+01
9.569088e+01,1.577785e+02,5.274021e+01,5.170614e+01
9.485718e+01,1.588353e+02,5.438247e+01,5.331687e+01
9.421632e+01,1.600373e+02,5.444660e+01,5.337970e+01
9.354638e+01,1.616024e+02,5.346612e+01,5.241776e+01
9.283681e+01,1.630703e+02,5.320779e+01,5.216487e+01
9.194648e+01,1.644950e+02,5.338468e+01,5.233864e+01
9.085003e+01,1.650402e+02,5.352082e+01,5.247160e+01
8.992009e+01,1.651585e+02,5.304451e+01,5.200504e+01
8.914792e+01,1.667645e+02,5.288662e+01,5.185027e+01
8.726654e+01,1.657246e+02,5.401951e+01,5.296059e+01
8.637409e+01,1.659968e+02,5.437045e+01,5.330461e+01
8.550963e+01,1.668132e+02,5.369963e+01,5.264724e+01
8.424877e+01,1.670574e+02,5.463371e+01,5.356281e+01
8.345421e+01,1.679903e+02,5.476680e+01,5.369322e+01
8.268365e+01,1.687739e+02,5.411763e+01,5.305676e+01
8.171489e+01,1.679151e+02,5.424877e+01,5.318540e+01
7.980293e+01,1.658745e+02,5.576461e+01,5.467166e+01
7.976105e+01,1.636391e+02,5.488312e+01,5.380722e+01
7.899900e+01,1.599759e+02,5.477552e+01,5.370170e+01
7.888519e+01,1.574739e+02,5.483903e+01,5.376409e+01
7.822423e+01,1.535121e+02,5.526140e+01,5.417827e+01
7.837549e+01,1.507699e+02,5.473331e+01,5.366023e+01
7.842514e+01,1.465830e+02,5.499808e+01,5.391988e+01
7.832648e+01,1.417759e+02,5.578453e+01,5.469096e+01
7.883606e+01,1.369113e+02,5.462344e+01,5.355248e+01
7.898468e+01,1.331068e+02,5.450353e+01,5.343487e+01
7.899919e+01,1.294051e+02,5.643508e+01,5.532924e+01
7.982650e+01,1.265346e+02,5.630728e+01,5.520352e+01
7.951957e+01,1.224796e+02,5.680571e+01,5.569247e+01
8.033579e+01,1.200487e+02,5.606013e+01,5.496150e+01
8.223157e+01,1.159514e+02,5.640597e+01,5.530042e+01
8.374681e+01,1.126283e+02,5.580591e+01,5.471218e+01
8.547181e+01,1.094881e+02,5.561356e+01,5.452358e+01
8.625702e+01,1.082388e+02,5.609067e+01,5.499100e+01
8.733907e+01,1.069511e+02,5.626920e+01,5.516686e+01
8.886514e+01,1.060977e+02,5.597014e+01,5.487365e+01
9.049037e+01,1.048966e+02,5.570222e+01,5.461086e+01
9.234772e+01,1.026129e+02,5.570625e+01,5.461484e+01
9.387562e+01,1.010860e+02,5.534404e+01,5.425965e+01
9.609336e+01,1.002445e+02,5.406264e+01,5.300293e+01
9.734829e+01,9.827111e+01,5.608610e+01,5.498644e+01
1.000450e+02,9.819990e+01,5.482782e+01,5.375329e+01
1.013497e+02,9.803737e+01,5.639442e+01,5.528900e+01
1.036025e+02,9.918337e+01,5.568022e+01,5.458898e+01
1.052010e+02,9.984067e+01,5.560384e+01,5.451399e+01
1.076281e+02,1.005572e+02,5.465375e+01,5.358274e+01
1.093764e+02,9.964781e+01,5.460244e+01,5.353249e+01
1.100839e+02,9.865832e+01,5.547479e+01,5.438755e+01
1.117469e+02,9.886606e+01,5.463060e+01,5.355993e+01
1.137834e+02,9.801411e+01,5.488552e+01,5.380984e+01
1.145943e+02,9.799585e+01,5.521996e+01,5.413760e+01
1.164908e+02,9.803017e+01,5.438288e+01,5.331662e+01
1.191066e+02,9.695691e+01,5.414704e+01,5.308571e+01
1.211540e+02,9.686826e+01,5.439052e+01,5.332415e+01
1.230655e+02,9.572987e+01,5.428632e+01,5.322193e+01
1.238890e+02,9.507004e+01,5.536782e+01,5.428251e+01
1.266762e+02,9.449016e+01,5.450171e+01,5.343331e+01
1.281556e+02,9.436792e+01,5.469699e+01,5.362483e+01
1.306991e+02,9.397774e+01,5.424806e+01,5.318483e+01
1.336413e+02,9.328694e+01,5.410601e+01,5.304556e+01
1.365333e+02,9.341749e+01,5.281419e+01,5.177866e+01
1.385999e+02,9.316805e+01,5.365329e+01,5.260151e+01
1.408663e+02,9.336583e+01,5.355839e+01,5.250846e+01
1.439177e+02,9.335471e+01,5.364562e+01,5.259416e+01
1.465458e+02,9.431321e+01,5.314320e+01,5.210136e+01
1.499474e+02,9.516129e+01,5.278463e+01,5.174974e+01
1.524932e+02,9.616990e+01,5.212338e+01,5.110173e+01
1.541386e+02,9.654767e+01,5.221280e+01,5.118917e+01
1.557872e+02,9.775559e+01,5.273981e+01,5.170578e+01
1.577937e+02,1.001746e+02,5.217850e+01,5.115554e+01
1.590509e+02,1.014340e+02,5.240092e+01,5.137351e+01
1.606115e+02,1.045062e+02,5.187878e+01,5.086167e+01
1.606773e+02,1.069442e+02,5.167174e+01,5.065868e+01
1.608638e+02,1.102878e+02,5.170916e+01,5.069532e+01
1.614552e+02,1.128618e+02,5.135938e+01,5.035234e+01
1.623056e+02,1.162227e+02,5.057632e+01,4.958476e+01
1.635999e+02,1.180613e+02,5.032483e+01,4.933808e+01
1.649017e+02,1.204974e+02,5.003238e+01,4.905136e+01
1.671746e+02,1.205721e+02,5.131077e+01,5.030468e+01
1.692838e+02,1.202898e+02,5.101297e+01,5.001272e+01
1.714089e+02,1.191497e+02,5.093402e+01,4.993536e+01
1.733649e+02,1.180638e+02,5.076634e+01,4.977100e+01
1.747920e+02,1.148897e+02,5.132989e+01,5.032343e+01
1.756600e+02,1.115731e+02,5.108539e+01,5.008372e+01
1.773222e+02,1.080136e+02,5.037355e+01,4.938584e+01
1.784815e+02,1.037656e+02,4.981491e+01,4.883820e+01
1.794071e+02,9.908694e+01,4.959437e+01,4.862200e+01
1.805435e+02,9.601799e+01,4.890797e+01,4.794904e+01
1.809790e+02,9.193311e+01,4.910407e+01,4.814125e+01
1.812211e+02,8.950197e+01,4.945890e+01,4.848915e+01
1.802613e+02,8.546501e+01,5.116704e+01,5.016376e+01
1.811038e+02,8.478925e+01,4.937295e+01,4.840496e+01
1.801177e+02,8.130071e+01,5.065692e+01,4.966365e+01
1.799992e+02,7.838465e+01,5.042918e+01,4.944042e+01
1.787582e+02,7.610779e+01,5.133396e+01,5.032742e+01
1.793869e+02,7.415087e+01,4.954122e+01,4.856985e+01
1.797276e+02,7.129239e+01,4.876888e+01,4.781263e+01
1.801163e+02,6.679506e+01,5.037485e+01,4.938712e+01
1.812665e+02,6.494323e+01,4.861129e+01,4.765817e+01
1.819712e+02,6.040892e+01,4.985258e+01,4.887533e+01
1.822659e+02,5.732608e+01,5.094600e+01,4.994705e+01
1.822870e+02,5.483833e+01,5.062963e+01,4.963689e+01
1.825344e+02,5.465030e+01,4.931364e+01,4.834674e+01
1.815540e+02,5.261262e+01,4.994903e+01,4.896966e+01
1.813290e+02,5.189381e+01,4.960572e+01,4.863316e+01
1.800230e+02,5.228855e+01,5.020344e+01,4.921915e+01
1.784764e+02,5.327180e+01,5.013242e+01,4.914944e+01
1.766401e+02,5.531245e+01,5.006973e+01,4.908799e+01
1.747063e+02,5.689391e+01,4.973094e+01,4.875583e+01
1.729593e+02,5.907328e+01,5.056531e+01,4.957383e+01
1.706854e+02,6.026204e+01,5.060754e+01,4.961523e+01
1.693385e+02,6.170188e+01,5.030676e+01,4.932037e+01
1.666381e+02,6.404526e+01,5.089251e+01,4.989462e+01
1.651859e+02,6.612221e+01,5.023182e+01,4.924689e+01
1.622354e+02,6.828686e+01,5.033628e+01,4.934929e+01
1.588816e+02,6.945329e+01,5.235179e+01,5.132532e+01
1.564808e+02,7.169178e+01,5.136220e+01,5.035511e+01
1.528199e+02,7.162696e+01,5.237242e+01,5.134558e+01
1.508163e+02,7.357159e+01,5.103123e+01,5.003069e+01
1.471093e+02,7.333728e+01,5.169950e+01,5.068581e+01
1.444607e+02,7.330710e+01,5.174559e+01,5.073099e+01
1.414529e+02,7.420115e+01,5.069593e+01,4.970189e+01
1.384438e+02,7.434200e+01,5.133286e+01,5.032633e+01
1.346190e+02,7.485837e+01,5.124829e+01,5.024349e+01
1.308209e+02,7.605542e+01,5.115022e+01,5.014728e+01
1.282804e+02,7.665625e+01,5.094887e+01,4.994987e+01
1.241720e+02,7.909324e+01,5.083272e+01,4.983604e+01
1.206836e+02,8.002236e+01,5.148999e+01,5.048044e+01
1.185802e+02,8.184847e+01,5.154473e+01,5.053407e+01
1.182210e+02,8.238671e+01,5.177437e+01,5.075921e+01
1.196967e+02,8.192299e+01,5.172063e+01,5.070656e+01
1.231110e+02,7.990719e+01,5.182788e+01,5.081173e+01
1.279510e+02,7.795444e+01,5.114655e+01,5.014373e+01
1.312564e+02,7.775393e+01,5.150246e+01,5.049268e+01
1.370697e+02,7.720356e+01,5.222357e+01,5.119963e+01
1.416048e+02,7.663962e+01,5.172595e+01,5.071172e+01
1.456322e+02,7.607235e+01,5.330476e+01,5.225967e+01
1.499887e+02,7.698828e+01,5.140771e+01,5.039977e+01
1.519269e+02,7.626770e+01,5.155274e+01,5.054193e+01
1.540394e+02,7.539145e+01,5.189924e+01,5.088163e+01
1.556893e+02,7.474081e+01,5.209270e+01,5.107137e+01
1.568358e+02,7.352907e+01,5.199404e+01,5.097457e+01
1.552550e+02,7.288514e+01,5.151479e+01,5.050476e+01
1.527617e+02,7.302689e+01,5.139760e+01,5.038985e+01
1.495980e+02,7.376510e+01,5.120713e+01,5.020311e+01
1.470986e+02,7.487350e+01,5.177083e+01,5.075575e+01
1.441119e+02,7.701583e+01,5.261118e+01,5.157968e+01
1.409763e+02,7.941871e+01,5.299779e+01,5.195861e+01
1.380571e+02,8.301756e+01,5.266461e+01,5.163209e+01
1.333874e+02,8.529913e+01,5.310032e+01,5.205914e+01
1.297396e+02,8.797312e+01,5.194318e+01,5.092483e+01
1.259663e+02,8.885862e+01,5.132766e+01,5.032125e+01
1.217663e+02,8.949509e+01,5.286041e+01,5.182402e+01
1.197696e+02,9.187363e+01,5.082640e+01,4.982983e+01
1.163775e+02,9.285550e+01,5.118776e+01,5.018425e+01
1.140735e+02,9.409277e+01,5.126983e+01,5.026466e+01
1.112728e+02,9.632867e+01,5.199770e+01,5.097839e+01
1.091143e+02,9.891380e+01,5.141054e+01,5.040258e+01
1.069999e+02,1.013695e+02,5.295223e+01,5.191430e+01
1.071690e+02,1.043429e+02,5.201445e+01,5.099468e+01
1.062401e+02,1.062195e+02,5.356503e+01,5.251507e+01
1.069478e+02,1.098270e+02,5.266088e+01,5.162846e+01
1.071741e+02,1.130382e+02,5.266539e+01,5.163289e+01
1.073553e+02,1.166699e+02,5.170815e+01,5.069431e+01
1.088454e+02,1.207081e+02,5.129014e+01,5.028458e+01
1.101088e+02,1.253005e+02,5.010020e+01,4.911808e+01
1.093761e+02,1.295771e+02,5.097887e+01,4.997975e+01
1.097026e+02,1.335884e+02,5.013096e+01,4.914822e+01
1.099806e+02,1.355701e+02,5.065462e+01,4.966163e+01
1.099609e+02,1.375800e+02,5.077693e+01,4.978151e+01
1.087246e+02,1.424729e+02,5.043095e+01,4.944225e+01
1.083198e+02,1.423830e+02,5.099354e+01,4.999398e+01
1.066616e+02,1.437097e+02,5.303212e+01,5.199235e+01
1.070248e+02,1.454571e+02,5.217942e+01,5.115663e+01
1.061640e+02,1.449171e+02,5.053157e+01,4.954092e+01
1.063596e+02,1.431621e+02,5.101255e+01,5.001252e+01
1.051178e+02,1.429073e+02,5.070307e+01,4.970939e+01
1.030647e+02,1.401711e+02,5.265396e+01,5.162161e+01
1.024926e+02,1.380159e+02,5.265255e+01,5.162022e+01
1.023895e+02,1.360000e+02,5.344836e+01,5.240044e+01
1.010512e+02,1.344100e+02,5.286223e+01,5.182577e+01
1.001068e+02,1.307186e+02,5.247607e+01,5.144714e+01
9.972348e+01,1.280757e+02,5.224253e+01,5.121829e+01
9.846056e+01,1.241167e+02,5.320901e+01,5.216575e+01
1.000574e+02,1.210288e+02,5.005999e+01,4.907893e+01
9.813576e+01,1.188527e+02,5.167076e+01,5.065761e+01
9.845307e+01,1.156589e+02,5.150057e+01,5.049076e+01
9.942045e+01,1.127781e+02,5.166776e+01,5.065467e+01
9.946333e+01,1.098498e+02,5.192042e+01,5.090237e+01
9.924653e+01,1.072897e+02,5.215093e+01,5.112840e+01
9.943640e+01,1.042961e+02,5.214981e+01,5.112727e+01
9.898492e+01,1.020041e+02,5.334226e+01,5.229642e+01
9.962940e+01,9.948341e+01,5.350947e+01,5.246031e+01
1.003432e+02,9.805197e+01,5.219682e+01,5.117360e+01
1.004554e+02,9.608270e+01,5.242846e+01,5.140046e+01
1.003935e+02,9.264274e+01,5.298763e+01,5.194870e+01
9.917641e+01,9.038303e+01,5.546792e+01,5.438044e+01
1.002602e+02,8.684500e+01,5.366357e+01,5.261135e+01
9.902151e+01,8.405344e+01,5.526854e+01,5.418493e+01
9.967702e+01,8.042575e+01,5.450214e+01,5.343357e+01
9.976040e+01,7.884223e+01,5.343848e+01,5.239071e+01
9.960464e+01,7.704858e+01,5.404935e+01,5.298956e+01
1.004158e+02,7.387765e+01,5.330954e+01,5.226426e+01
1.009072e+02,7.344025e+01,5.198328e+01,5.096404e+01
9.959318e+01,7.057524e+01,5.323314e+01,5.218942e+01
9.805051e+01,6.971644e+01,5.390093e+01,5.284411e+01
9.651652e+01,6.787437e+01,5.313679e+01,5.209490e+01
9.523720e+01,6.649453e+01,5.317766e+01,5.213505e+01
9.359932e+01,6.564611e+01,5.274464e+01,5.171055e+01
9.022688e+01,6.444206e+01,5.356430e+01,5.251405e+01
8.797253e+01,6.352987e+01,5.369755e+01,5.264475e+01
8.595120e+01,6.342399e+01,5.300844e+01,5.196906e+01
8.262170e+01,6.268786e+01,5.433457e+01,5.326919e+01
8.067942e+01,6.154797e+01,5.431366e+01,5.324877e+01
7.931946e+01,6.102419e+01,5.344686e+01,5.239899e+01
7.771983e+01,5.960678e+01,5.486730e+01,5.379147e+01
7.698725e+01,5.966706e+01,5.396361e+01,5.290551e+01
7.550802e+01,5.980381e+01,5.522701e+01,5.414413e+01
7.566311e+01,6.013631e+01,5.502004e+01,5.394124e+01
7.502695e+01,6.054535e+01,5.549133e+01,5.440327e+01
7.401819e+01,6.184404e+01,5.572570e+01,5.463306e+01
7.310367e+01,6.367016e+01,5.616739e+01,5.506608e+01
7.223810e+01,6.471365e+01,5.529770e+01,5.421343e+01
7.043788e+01,6.751175e+01,5.459798e+01,5.352749e+01
7.063746e+01,6.927471e+01,5.368619e+01,5.263361e+01
6.987203e+01,6.972800e+01,5.341174e+01,5.236456e+01
6.803674e+01,7.135448e+01,5.440290e+01,5.333622e+01
6.778998e+01,7.212710e+01,5.389339e+01,5.283673e+01
6.649353e+01,7.347719e+01,5.341191e+01,5.236463e+01
6.494659e+01,7.518181e+01,5.427966e+01,5.321538e+01
6.299324e+01,7.782854e+01,5.390234e+01,5.284576e+01
6.304804e+01,7.973174e+01,5.298298e+01,5.194425e+01
6.128138e+01,8.233868e+01,5.296429e+01,5.192587e+01
6.008274e+01,8.359907e+01,5.458324e+01,5.351299e+01
6.062191e+01,8.647062e+01,5.274704e+01,5.171280e+01
6.124799e+01,8.928432e+01,5.409811e+01,5.303738e+01
6.214329e+01,9.212025e+01,5.323950e+01,5.219581e+01
6.189321e+01,9.385092e+01,5.395013e+01,5.289249e+01
6.282836e+01,9.556552e+01,5.348122e+01,5.243302e+01
6.363061e+01,9.610449e+01,5.444712e+01,5.337962e+01
6.457554e+01,9.559685e+01,5.459848e+01,5.352854e+01
6.782138e+01,9.271590e+01,5.397527e+01,5.291694e+01
6.956656e+01,9.037219e+01,5.315936e+01,5.211708e+01
7.096053e+01,8.590719e+01,5.390009e+01,5.284331e+01
7.326550e+01,8.234326e+01,5.561536e+01,5.452509e+01
7.761106e+01,7.937256e+01,5.527928e+01,5.419561e+01
7.960810e+01,7.730998e+01,5.527779e+01,5.419408e+01
8.098311e+01,7.476161e+01,5.516429e+01,5.408277e+01
8.461249e+01,7.438109e+01,5.532635e+01,5.424176e+01
8.794232e+01,7.054973e+01,5.525096e+01,5.416778e+01
9.137710e+01,6.953671e+01,5.501458e+01,5.393600e+01
9.553366e+01,6.710306e+01,5.423740e+01,5.317407e+01
9.580136e+01,6.437535e+01,5.578828e+01,5.469478e+01
9.762339e+01,6.378173e+01,5.566374e+01,5.457251e+01
9.835500e+01,6.227919e+01,5.626131e+01,5.515857e+01
9.677193e+01,6.298223e+01,5.633696e+01,5.523246e+01
9.870230e+01,6.242513e+01,5.395664e+01,5.289870e+01
9.939584e+01,6.119249e+01,5.438684e+01,5.332049e+01
9.884372e+01,6.033573e+01,5.507761e+01,5.399780e+01
9.909197e+01,5.973767e+01,5.476946e+01,5.369572e+01
9.797612e+01,5.705818e+01,5.524457e+01,5.416144e+01
9.808173e+01,5.751681e+01,5.511201e+01,5.403153e+01
9.679283e+01,5.558236e+01,5.418398e+01,5.312190e+01
9.647037e+01,5.508373e+01,5.514089e+01,5.406007e+01
9.637820e+01,5.304320e+01,5.553117e+01,5.444266e+01
9.572481e+01,5.170035e+01,5.586736e+01,5.477226e+01
9.560372e+01,5.135496e+01,5.402428e+01,5.296527e+01
9.468511e+01,5.073204e+01,5.390327e+01,5.284666e+01
9.324755e+01,5.017472e+01,5.390248e+01,5.284593e+01
9.202029e+01,4.924994e+01,5.497803e+01,5.390015e+01
9.047095e+01,4.938628e+01,5.470898e+01,5.363659e+01
8.868792e+01,4.996667e+01,5.361041e+01,5.255954e+01
8.699159e+01,5.032953e+01,5.379147e+01,5.273697e+01
8.562806e+01,5.059952e+01,5.323202e+01,5.218862e+01
8.337974e+01,5.008206e+01,5.345607e+01,5.240805e+01
8.104200e+01,4.954686e+01,5.325919e+01,5.221519e+01
7.924975e+01,4.837126e+01,5.367573e+01,5.262351e+01
7.832800e+01,4.761278e+01,5.383831e+01,5.278324e+01
7.677800e+01,4.647562e+01,5.265638e+01,5.162400e+01
7.472356e+01,4.498573e+01,5.365055e+01,5.259887e+01
7.292863e+01,4.299262e+01,5.394469e+01,5.288760e+01
7.215208e+01,4.101861e+01,5.411998e+01,5.305888e+01
7.070713e+01,3.869947e+01,5.449023e+01,5.342231e+01
6.988065e+01,3.783451e+01,5.259696e+01,5.156570e+01
6.858924e+01,3.666813e+01,5.277496e+01,5.174034e+01
6.662796e+01,3.502147e+01,5.300528e+01,5.196609e+01
6.429025e+01,3.352212e+01,5.501088e+01,5.393289e+01
6.406496e+01,3.347516e+01,5.320330e+01,5.216039e+01
6.327812e+01,3.338882e+01,5.338824e+01,5.234168e+01
6.223861e+01,3.308595e+01,5.424298e+01,5.317973e+01
6.275030e+01,3.345631e+01,5.416229e+01,5.310077e+01
6.404471e+01,3.483894e+01,5.278738e+01,5.175244e+01
6.369379e+01,3.585169e+01,5.424235e+01,5.317903e+01
6.450713e+01,3.830863e+01,5.321382e+01,5.217063e+01
6.557625e+01,4.084226e+01,5.325874e+01,5.221468e+01
6.633527e+01,4.310306e+01,5.381072e+01,5.275571e+01
6.680656e+01,4.480716e+01,5.483674e+01,5.376191e+01
6.933487e+01,4.857250e+01,5.281558e+01,5.178015e+01
6.992434e+01,5.018575e+01,5.451421e+01,5.344582e+01
7.225274e+01,5.241278e+01,5.365178e+01,5.259982e+01
7.378284e+01,5.476363e+01,5.260493e+01,5.157375e+01
7.458673e+01,5.641503e+01,5.360439e+01,5.255347e+01
7.636109e+01,5.783176e+01,5.203563e+01,5.101566e+01
7.731493e+01,5.806187e+01,5.362266e+01,5.257142e+01
7.893360e+01,5.962672e+01,5.320014e+01,5.215726e+01
8.089892e+01,5.901280e+01,5.281752e+01,5.178215e+01
8.278052e+01,5.910281e+01,5.384682e+01,5.279127e+01
8.579745e+01,5.902992e+01,5.212586e+01,5.110395e+01
8.841193e+01,5.771765e+01,5.236878e+01,5.134231e+01
9.032285e+01,5.576785e+01,5.329445e+01,5.224953e+01
9.315526e+01,5.449631e+01,5.296960e+01,5.193115e+01
9.464078e+01,5.245968e+01,5.371493e+01,5.266171e+01
9.794154e+01,5.137497e+01,5.251871e+01,5.148921e+01
1.008072e+02,4.928993e+01,5.267916e+01,5.164648e+01
1.030508e+02,4.780172e+01,5.256413e+01,5.153379e+01
1.059511e+02,4.623699e+01,5.177368e+01,5.075891e+01
1.088391e+02,4.384969e+01,5.250092e+01,5.147180e+01
1.114557e+02,4.287507e+01,5.205087e+01,5.103075e+01
1.140307e+02,4.168138e+01,5.138223e+01,5.037475e+01
1.161923e+02,4.024518e+01,5.188241e+01,5.086555e+01
1.184545e+02,3.976720e+01,5.150714e+01,5.049746e+01
1.211949e+02,3.824907e+01,5.049177e+01,4.950229e+01
1.229583e+02,3.891847e+01,5.035221e+01,4.936528e+01
1.251029e+02,3.655248e+01,5.143518e+01,5.042711e+01
1.280191e+02,3.739429e+01,4.884932e+01,4.789199e+01
1.304153e+02,3.575810e+01,5.053135e+01,4.954106e+01
1.316573e+02,3.586142e+01,5.109582e+01,5.009447e+01
1.344865e+02,3.584321e+01,5.055070e+01,4.956019e+01
1.374271e+02,3.521975e+01,4.999426e+01,4.901452e+01
1.394955e+02,3.568012e+01,5.059407e+01,4.960258e+01
1.415096e+02,3.572037e+01,5.001973e+01,4.903944e+01
1.447487e+02,3.697239e+01,4.789539e+01,4.695669e+01
1.459295e+02,3.571428e+01,5.042108e+01,4.943334e+01
1.477535e+02,3.488266e+01,5.035751e+01,4.937079e+01
1.501782e+02,3.491330e+01,5.113935e+01,5.013783e+01
1.514961e+02,3.557624e+01,4.958319e+01,4.861150e+01
1.534988e+02,3.555909e+01,5.026279e+01,4.927731e+01
1.552369e+02,3.575355e+01,5.052738e+01,4.953718e+01
1.572897e+02,3.642944e+01,5.024177e+01,4.925719e+01
1.595607e+02,3.813385e+01,4.921551e+01,4.825060e+01
1.599759e+02,3.943704e+01,4.922542e+01,4.826069e+01
1.604207e+02,4.053117e+01,4.968394e+01,4.871058e+01
1.610964e+02,4.229482e+01,5.014561e+01,4.916288e+01
1.620753e+02,4.365367e+01,5.079112e+01,4.979576e+01
1.645126e+02,4.592389e+01,4.988284e+01,4.890549e+01
1.649563e+02,4.864355e+01,5.021044e+01,4.922597e+01
1.673495e+02,4.944422e+01,4.978215e+01,4.880670e+01
1.695617e+02,5.306270e+01,4.904403e+01,4.808265e+01
1.706176e+02,5.417691e+01,4.814329e+01,4.719931e+01
1.702245e+02,5.565432e+01,4.985081e+01,4.887396e+01
1.703145e+02,5.796759e+01,4.876674e+01,4.781152e+01
1.726319e+02,5.917840e+01,4.826263e+01,4.731630e+01
1.718412e+02,6.079181e+01,4.954815e+01,4.857705e+01
1.734592e+02,6.327107e+01,4.833878e+01,4.739170e+01
1.743446e+02,6.517367e+01,4.794158e+01,4.700190e+01
1.739849e+02,6.509075e+01,4.830213e+01,4.735581e+01
1.727170e+02,6.596101e+01,4.921006e+01,4.824586e+01
1.706137e+02,6.538847e+01,5.078031e+01,4.978561e+01
1.690468e+02,6.570651e+01,5.014636e+01,4.916321e+01
1.687339e+02,6.715321e+01,4.833444e+01,4.738760e+01
1.657998e+02,6.374640e+01,5.134095e+01,5.033472e+01
1.643770e+02,6.356339e+01,5.056481e+01,4.957383e+01
1.637053e+02,6.209252e+01,5.131921e+01,5.031351e+01
1.621454e+02,6.121365e+01,5.140094e+01,5.039353e+01
1.622540e+02,5.863890e+01,5.199584e+01,5.097669e+01
1.611947e+02,5.909698e+01,5.128129e+01,5.027640e+01
1.603322e+02,5.958804e+01,5.153828e+01,5.052795e+01
1.588763e+02,6.042902e+01,4.958000e+01,4.860795e+01
1.556565e+02,6.141942e+01,5.099609e+01,4.999670e+01
1.519942e+02,6.095292e+01,5.159045e+01,5.057956e+01
1.496022e+02,6.261934e+01,5.160604e+01,5.059480e+01
1.473041e+02,6.378534e+01,5.073222e+01,4.973827e+01
1.426384e+02,6.467039e+01,5.279253e+01,5.175796e+01
1.378555e+02,6.428768e+01,5.298157e+01,5.194337e+01
1.338315e+02,6.590100e+01,5.327325e+01,5.222940e+01
1.290819e+02,6.684680e+01,5.392915e+01,5.287219e+01
1.244362e+02,6.842482e+01,5.402506e+01,5.296617e+01
1.207408e+02,7.059274e+01,5.208331e+01,5.106270e+01
1.164889e+02,7.231797e+01,5.236700e+01,5.134097e+01
1.128869e+02,7.282712e+01,5.244134e+01,5.141386e+01
1.089300e+02,7.325019e+01,5.374575e+01,5.269270e+01
1.060947e+02,7.428882e+01,5.298866e+01,5.195018e+01
1.035395e+02,7.496827e+01,5.263762e+01,5.160627e+01
1.008433e+02,7.570251e+01,5.285157e+01,5.181580e+01
9.800814e+01,7.750185e+01,5.324072e+01,5.219740e+01
9.347819e+01,7.766544e+01,5.587222e+01,5.477679e+01
9.290258e+01,8.073740e+01,5.307225e+01,5.203194e+01
8.966449e+01,8.132871e+01,5.457054e+01,5.350105e+01
8.687970e+01,8.311504e+01,5.392633e+01,5.286942e+01
8.491174e+01,8.325819e+01,5.442763e+01,5.336092e+01
8.396372e+01,8.485110e+01,5.277775e+01,5.174309e+01
8.354882e+01,8.464652e+01,5.215293e+01,5.113074e+01
8.239974e+01,8.448065e+01,5.285491e+01,5.181901e+01
8.178290e+01,8.492625e+01,5.426757e+01,5.320390e+01
8.368302e+01,8.654296e+01,5.395759e+01,5.289983e+01
8.529171e+01,8.951992e+01,5.259567e+01,5.156462e+01
8.646032e+01,9.302399e+01,5.258405e+01,5.155326e+01
8.794155e+01,9.737484e+01,5.270409e+01,5.167126e+01
8.872702e+01,1.022548e+02,5.219258e+01,5.116946e+01
8.815898e+01,1.061361e+02,5.402563e+01,5.296655e+01
8.956148e+01,1.114588e+02,5.212382e+01,5.110194e+01
8.949077e+01,1.156570e+02,5.327504e+01,5.223056e+01
9.009278e+01,1.189749e+02,5.224437e+01,5.122071e+01
9.003287e+01,1.232375e+02,5.150663e+01,5.049691e+01
8.915220e+01,1.255183e+02,5.309932e+01,5.205824e+01
8.989678e+01,1.295908e+02,5.172168e+01,5.070785e+01
9.027453e+01,1.325020e+02,5.160225e+01,5.059065e+01
9.141835e+01,1.357303e+02,5.123899e+01,5.023456e+01
9.010539e+01,1.387171e+02,5.167168e+01,5.065866e+01
8.974054e+01,1.405108e+02,5.214954e+01,5.112721e+01
9.101884e+01,1.401572e+02,5.181946e+01,5.080355e+01
8.985593e+01,1.393893e+02,5.257122e+01,5.154066e+01
9.055878e+01,1.370646e+02,5.330244e+01,5.225752e+01
9.066339e+01,1.327058e+02,5.302836e+01,5.198888e+01
9.104481e+01,1.283446e+02,5.240064e+01,5.137348e+01
9.043690e+01,1.223612e+02,5.107364e+01,5.007248e+01
8.972864e+01,1.154330e+02,5.196385e+01,5.094519e+01
8.828094e+01,1.095976e+02,5.189717e+01,5.087987e+01
8.828854e+01,1.035166e+02,5.144862e+01,5.044027e+01
8.745311e+01,9.786207e+01,5.191692e+01,5.089919e+01
8.796910e+01,9.442080e+01,5.111143e+01,5.010954e+01
8.668306e+01,8.922867e+01,5.282940e+01,5.179368e+01
8.555243e+01,8.348572e+01,5.423966e+01,5.317619e+01
8.598773e+01,8.116027e+01,5.277647e+01,5.174168e+01
8.688160e+01,7.883881e+01,5.234885e+01,5.132260e+01
8.774327e+01,7.573089e+01,5.257690e+01,5.154613e+01
8.983463e+01,7.348219e+01,5.311320e+01,5.207233e+01
9.097222e+01,7.209244e+01,5.497272e+01,5.389507e+01
9.549802e+01,7.102062e+01,5.328105e+01,5.223683e+01
9.796195e+01,6.937220e+01,5.504019e+01,5.396125e+01
1.019321e+02,7.052738e+01,5.309287e+01,5.205218e+01
1.062259e+02,7.045167e+01,5.236442e+01,5.133787e+01
1.103776e+02,7.022734e+01,5.371414e+01,5.266128e+01
1.134499e+02,7.155994e+01,5.268221e+01,5.164992e+01
1.169513e+02,7.216812e+01,5.217718e+01,5.115451e+01
1.190868e+02,7.239931e+01,5.398726e+01,5.292899e+01
1.227536e+02,7.285017e+01,5.277596e+01,5.174138e+01
1.250571e+02,7.409618e+01,5.360317e+01,5.255221e+01
1.272541e+02,7.389942e+01,5.216943e+01,5.114676e+01
1.290517e+02,7.411369e+01,5.279333e+01,5.175840e+01
1.304045e+02,7.447125e+01,5.201405e+01,5.099434e+01
1.294762e+02,7.377851e+01,5.269505e+01,5.166223e+01
1.293227e+02,7.330265e+01,5.193434e+01,5.091628e+01
1.275528e+02,7.248442e+01,5.359564e+01,5.254510e+01
1.254291e+02,7.296613e+01,5.297051e+01,5.193209e+01
1.232725e+02,7.188757e+01,5.376014e+01,5.270634e+01
1.206781e+02,7.269802e+01,5.347006e+01,5.242190e+01
1.175946e+02,7.372863e+01,5.376978e+01,5.271576e+01
1.148735e+02,7.395990e+01,5.362681e+01,5.257578e+01
1.114949e+02,7.421863e+01,5.437031e+01,5.330437e+01
1.088423e+02,7.507153e+01,5.301229e+01,5.197343e+01
1.060958e+02,7.498702e+01,5.267655e+01,5.164424e+01
1.017829e+02,7.444871e+01,5.467153e+01,5.359974e+01
9.983101e+01,7.522376e+01,5.342830e+01,5.238112e+01
9.648480e+01,7.672138e+01,5.385134e+01,5.279584e+01
9.343903e+01,7.824954e+01,5.402759e+01,5.296854e+01
9.143678e+01,8.007413e+01,5.268245e+01,5.164969e+01
8.792410e+01,8.128909e+01,5.383417e+01,5.277884e+01
8.556072e+01,8.220160e+01,5.344540e+01,5.239773e+01
8.338050e+01,8.316458e+01,5.326994e+01,5.222595e+01
8.182361e+01,8.434742e+01,5.420683e+01,5.314432e+01
8.131550e+01,8.625630e+01,5.308221e+01,5.204159e+01
7.991122e+01,8.777544e+01,5.266577e+01,5.163340e+01
7.963101e+01,9.006625e+01,5.309230e+01,5.205155e+01
7.898881e+01,9.259539e+01,5.316308e+01,5.212100e+01
7.878401e+01,9.596581e+01,5.358106e+01,5.253068e+01
7.833332e+01,9.954196e+01,5.366161e+01,5.260970e+01
7.906095e+01,1.028738e+02,5.369254e+01,5.264006e+01
7.893071e+01,1.079864e+02,5.420110e+01,5.313854e+01
8.153421e+01,1.128937e+02,5.058170e+01,4.959041e+01
8.137386e+01,1.153305e+02,5.383820e+01,5.278255e+01
8.142680e+01,1.183276e+02,5.387505e+01,5.281975e+01
8.405425e+01,1.224546e+02,5.129513e+01,5.028992e+01
8.851304e+01,1.277235e+02,5.048571e+01,4.949614e+01
8.683969e+01,1.278045e+02,5.501900e+01,5.394055e+01
8.342247e+01,1.285127e+02,5.094638e+01,4.994808e+01
8.638390e+01,1.289235e+02,5.066623e+01,4.967297e+01
8.764474e+01,1.327789e+02,4.887515e+01,4.791742e+01
8.959299e+01,1.345193e+02,4.833658e+01,4.738945e+01
9.040824e+01,1.335090e+02,5.023640e+01,4.925199e+01
9.129508e+01,1.337422e+02,5.017071e+01,4.918723e+01
9.657089e+01,1.321384e+02,5.232786e+01,5.130221e+01
1.038513e+02,1.306970e+02,5.016839e+01,4.918577e+01
1.064917e+02,1.236338e+02,5.475351e+01,5.368059e+01
1.102288e+02,1.177956e+02,5.365443e+01,5.260239e+01
1.128785e+02,1.149860e+02,4.996090e+01,4.898159e+01
1.141041e+02,1.111758e+02,5.005969e+01,4.907843e+01
1.124678e+02,1.061866e+02,5.349470e+01,5.244584e+01
1.117675e+02,1.016561e+02,5.418526e+01,5.312298e+01
1.128437e+02,1.012793e+02,5.027169e+01,4.928610e+01
1.104227e+02,9.723675e+01,5.228634e+01,5.126134e+01
1.080470e+02,9.382795e+01,5.334007e+01,5.229463e+01
1.076912e+02,9.160507e+01,5.254194e+01,5.151173e+01
1.049367e+02,8.885151e+01,5.382958e+01,5.277431e+01
1.029325e+02,8.668877e+01,5.390195e+01,5.284508e+01
1.006805e+02,8.499089e+01,5.418958e+01,5.312704e+01
9.937558e+01,8.356551e+01,5.386893e+01,5.281283e+01
9.686758e+01,8.277414e+01,5.415933e+01,5.309740e+01
9.492452e+01,8.193326e+01,5.332791e+01,5.228226e+01
9.156308e+01,8.018700e+01,5.440820e+01,5.334153e+01
8.974559e+01,7.922996e+01,5.284015e+01,5.180408e+01
8.783435e+01,7.722102e+01,5.333449e+01,5.228874e+01
8.591513e+01,7.488654e+01,5.439444e+01,5.332790e+01
8.629658e+01,7.229513e+01,5.391773e+01,5.286089e+01
8.612413e+01,7.066742e+01,5.400706e+01,5.294863e+01
8.686777e+01,6.880779e+01,5.366368e+01,5.261145e+01
8.730249e+01,6.666806e+01,5.382999e+01,5.277463e+01
8.876050e+01,6.486710e+01,5.377314e+01,5.271877e+01
8.929344e+01,6.597039e+01,5.351158e+01,5.246234e+01
9.095514e+01,6.525511e+01,5.495010e+01,5.387265e+01
9.355353e+01,6.707144e+01,5.392280e+01,5.286550e+01
9.643972e+01,6.728460e+01,5.307462e+01,5.203397e+01
9.841671e+01,6.715766e+01,5.388596e+01,5.282939e+01
1.007556e+02,6.618135e+01,5.389221e+01,5.283550e+01
1.022823e+02,6.583549e+01,5.322653e+01,5.218288e+01
1.036349e+02,6.483799e+01,5.393506e+01,5.287751e+01
1.042032e+02,6.476557e+01,5.366720e+01,5.261494e+01
1.058836e+02,6.559757e+01,5.254101e+01,5.151079e+01
1.082673e+02,6.535758e+01,5.336221e+01,5.231600e+01
1.115135e+02,6.503599e+01,5.201404e+01,5.099416e+01
1.135473e+02,6.388139e+01,5.215854e+01,5.113584e+01
1.155418e+02,6.201483e+01,5.448186e+01,5.341359e+01
1.179986e+02,6.284418e+01,5.394511e+01,5.288742e+01
1.193223e+02,6.333754e+01,5.325671e+01,5.221254e+01
1.211835e+02,6.267584e+01,5.505507e+01,5.397563e+01
1.235343e+02,6.322944e+01,5.424174e+01,5.317817e+01
1.251069e+02,6.312224e+01,5.426435e+01,5.320034e+01
1.269893e+02,6.311184e+01,5.432051e+01,5.325540e+01
1.283701e+02,6.259392e+01,5.539369e+01,5.430769e+01
1.296971e+02,6.293183e+01,5.580663e+01,5.471255e+01
1.312325e+02,6.160083e+01,5.549681e+01,5.440885e+01
1.319984e+02,6.109159e+01,5.566469e+01,5.457335e+01
1.329568e+02,6.078326e+01,5.560954e+01,5.451929e+01
1.334786e+02,6.116088e+01,5.551470e+01,5.442632e+01
1.333730e+02,6.073130e+01,5.526905e+01,5.418549e+01
1.352656e+02,6.033994e+01,5.446167e+01,5.339397e+01
1.355742e+02,5.972073e+01,5.527723e+01,5.419341e+01
1.371806e+02,6.056899e+01,5.325571e+01,5.221169e+01
1.370338e+02,5.981226e+01,5.520318e+01,5.412085e+01
1.375165e+02,6.010739e+01,5.467506e+01,5.360306e+01
1.389312e+02,6.014818e+01,5.341124e+01,5.236418e+01
1.395099e+02,6.099136e+01,5.216617e+01,5.114330e+01
1.395047e+02,6.084936e+01,5.415933e+01,5.309756e+01
1.400270e+02,6.182407e+01,5.448456e+01,5.341624e+01
1.411999e+02,6.494841e+01,5.208532e+01,5.106404e+01
1.409953e+02,6.675319e+01,5.314731e+01,5.210545e+01
1.410267e+02,7.030927e+01,5.308915e+01,5.204845e+01
1.404842e+02,7.465055e+01,5.393420e+01,5.287693e+01
1.398004e+02,7.942944e+01,5.334222e+01,5.229652e+01
1.388759e+02,8.212912e+01,5.472711e+01,5.365404e+01
1.399125e+02,8.717939e+01,5.035836e+01,4.937096e+01
1.395507e+02,8.911255e+01,5.083014e+01,4.983350e+01
1.404924e+02,9.118226e+01,5.036938e+01,4.938179e+01
1.389499e+02,9.190293e+01,5.189312e+01,5.087572e+01
1.382949e+02,9.456805e+01,5.316752e+01,5.212522e+01
1.376858e+02,9.666456e+01,5.304024e+01,5.200039e+01
1.370164e+02,9.960341e+01,5.236164e+01,5.133507e+01
1.364755e+02,1.021153e+02,5.133905e+01,5.033242e+01
1.359473e+02,1.038292e+02,5.142468e+01,5.041637e+01
1.366579e+02,1.064213e+02,4.989105e+01,4.891279e+01
1.350292e+02,1.059504e+02,5.278987e+01,5.175510e+01
1.346670e+02,1.052971e+02,5.224819e+01,5.122408e+01
1.345545e+02,1.032147e+02,5.282001e+01,5.178457e+01
1.342439e+02,1.008949e+02,5.223781e+01,5.121391e+01
1.342138e+02,9.792976e+01,5.325296e+01,5.220903e+01
1.337544e+02,9.510988e+01,5.307059e+01,5.203021e+01
1.333120e+02,9.239449e+01,5.366286e+01,5.261071e+01
1.339851e+02,9.120812e+01,5.027613e+01,4.929033e+01
1.325082e+02,8.612159e+01,5.369620e+01,5.264343e+01
1.324862e+02,8.239307e+01,5.305331e+01,5.201320e+01
1.321586e+02,8.013772e+01,5.315065e+01,5.210882e+01
1.315169e+02,7.710635e+01,5.287231e+01,5.183581e+01
1.306860e+02,7.323986e+01,5.373459e+01,5.268105e+01
1.300187e+02,7.047961e+01,5.366313e+01,5.261095e+01
1.291777e+02,6.806653e+01,5.343533e+01,5.238798e+01
1.280701e+02,6.663877e+01,5.196104e+01,5.094266e+01
1.262205e+02,6.448729e+01,5.229429e+01,5.126931e+01
1.230511e+02,6.291493e+01,5.451326e+01,5.344438e+01
1.217071e+02,6.329957e+01,5.219268e+01,5.116981e+01
1.189170e+02,6.109608e+01,5.449318e+01,5.342492e+01
1.162380e+02,6.081924e+01,5.368882e+01,5.263643e+01
1.133153e+02,6.037472e+01,5.363904e+01,5.258730e+01
1.095632e+02,5.946144e+01,5.468699e+01,5.361505e+01
1.081052e+02,5.984681e+01,5.165761e+01,5.064494e+01
1.047157e+02,5.899539e+01,5.216227e+01,5.114004e+01
1.009799e+02,5.888187e+01,5.287108e+01,5.183486e+01
9.725396e+01,5.721537e+01,5.431171e+01,5.324700e+01
9.456043e+01,5.787367e+01,5.297540e+01,5.193691e+01
9.155094e+01,5.801464e+01,5.284005e+01,5.180464e+01
8.781502e+01,5.855742e+01,5.353522e+01,5.248598e+01
8.476377e+01,5.806124e+01,5.492214e+01,5.384529e+01
8.243666e+01,5.983450e+01,5.329610e+01,5.225156e+01
7.869241e+01,6.006365e+01,5.399549e+01,5.293723e+01
7.595402e+01,6.021679e+01,5.524723e+01,5.416416e+01
7.444180e+01,6.067399e+01,5.358430e+01,5.253404e+01
7.212994e+01,6.099167e+01,5.409789e+01,5.303774e+01
7.113423e+01,6.015596e+01,5.403373e+01,5.297499e+01
7.033009e+01,6.044009e+01,5.441713e+01,5.335105e+01
6.939224e+01,6.055066e+01,5.436644e+01,5.330106e+01
6.833965e+01,6.117018e+01,5.481860e+01,5.374407e+01
6.785934e+01,6.188076e+01,5.381034e+01,5.275570e+01
6.716888e+01,6.118758e+01,5.496652e+01,5.388973e+01
6.850103e+01,6.169947e+01,5.561824e+01,5.452794e+01
7.112201e+01,6.189572e+01,5.458254e+01,5.351382e+01
7.476795e+01,6.304575e+01,5.339665e+01,5.234976e+01
7.856986e+01,6.327939e+01,5.393361e+01,5.287682e+01
8.259481e+01,6.520551e+01,5.293802e+01,5.190068e+01
8.648274e+01,6.592762e+01,5.311287e+01,5.207182e+01
9.020412e+01,6.770463e+01,5.321856e+01,5.217538e+01
9.460686e+01,6.888983e+01,5.215064e+01,5.112878e+01
9.783076e+01,6.941973e+01,5.437952e+01,5.331385e+01
1.015107e+02,7.033964e+01,5.454756e+01,5.347818e+01
1.067033e+02,7.212002e+01,5.276523e+01,5.173097e+01
1.099251e+02,7.208359e+01,5.390638e+01,5.284993e+01
1.140439e+02,7.338285e+01,5.310079e+01,5.205987e+01
1.183139e+02,7.332106e+01,5.407582e+01,5.301618e+01
1.228162e+02,7.393516e+01,5.265589e+01,5.162406e+01
1.268621e+02,7.298108e+01,5.371195e+01,5.265925e+01
1.308091e+02,7.240854e+01,5.357753e+01,5.252740e+01
1.349686e+02,7.327016e+01,5.339498e+01,5.234827e+01
1.396371e+02,7.309808e+01,5.327641e+01,5.223240e+01
1.448906e+02,7.440891e+01,5.143027e+01,5.042206e+01
1.488934e+02,7.461686e+01,5.151831e+01,5.050835e+01
1.529258e+02,7.390083e+01,5.162497e+01,5.061284e+01
1.559610e+02,7.349417e+01,5.246679e+01,5.143885e+01
1.588661e+02,7.332209e+01,5.280225e+01,5.176783e+01
1.621401e+02,7.494112e+01,5.163216e+01,5.062044e+01
1.650528e+02,7.666026e+01,5.160869e+01,5.059750e+01
1.681248e+02,7.738934e+01,5.159851e+01,5.058684e+01
1.699280e+02,8.107225e+01,5.249941e+01,5.147025e+01
1.718757e+02,8.427848e+01,5.157805e+01,5.056771e+01
1.736083e+02,8.726407e+01,5.085232e+01,4.985615e+01
1.744306e+02,9.121375e+01,5.097155e+01,4.997293e+01
1.753826e+02,9.465826e+01,5.088791e+01,4.989108e+01
1.760107e+02,9.803918e+01,5.104860e+01,5.004804e+01
1.754009e+02,1.014881e+02,5.152363e+01,5.051399e+01
1.760585e+02,1.046622e+02,5.203728e+01,5.101742e+01
1.746153e+02,1.095145e+02,5.296070e+01,5.192323e+01
1.752322e+02,1.128477e+02,5.145188e+01,5.044348e+01
1.749370e+02,1.174135e+02,5.253876e+01,5.150940e+01
1.752076e+02,1.215734e+02,5.224893e+01,5.122468e+01
1.748166e+02,1.267822e+02,5.230784e+01,5.128247e+01
1.756485e+02,1.318277e+02,5.155291e+01,5.054243e+01
1.757744e+02,1.348554e+02,5.192201e+01,5.090430e+01
1.744425e+02,1.415348e+02,5.280403e+01,5.176952e+01
1.729875e+02,1.431565e+02,5.372787e+01,5.267502e+01
1.714825e+02,1.467114e+02,5.213979e+01,5.111794e+01
1.758982e+02,1.566035e+02,5.306302e+01,5.202346e+01
1.737450e+02,1.591705e+02,5.003365e+01,4.905367e+01
1.947620e+02,1.487420e+02,5.163300e+01,5.062117e+01
1.744924e+02,1.535328e+02,5.360969e+01,5.255872e+01
1.760593e+02,1.544259e+02,5.648464e+01,5.537722e+01
1.746987e+02,1.521357e+02,5.174409e+01,5.072974e+01
1.741787e+02,1.518518e+02,5.174222e+01,5.072779e+01
1.731736e+02,1.517453e+02,4.963627e+01,4.866336e+01
1.728440e+02,1.506889e+02,5.442394e+01,5.335697e+01
1.722473e+02,1.500722e+02,5.368423e+01,5.263184e+01
1.706843e+02,1.500601e+02,5.643651e+01,5.532999e+01
1.721470e+02,1.438354e+02,5.450570e+01,5.343732e+01
1.710965e+02,1.392140e+02,5.330859e+01,5.226410e+01
1.688519e+02,1.327491e+02,5.456951e+01,5.349990e+01
1.692596e+02,1.270837e+02,5.569937e+01,5.460792e+01
1.670000e+02,1.223969e+02,5.340203e+01,5.235542e+01
1.658000e+02,1.182776e+02,5.357083e+01,5.252064e+01
1.643542e+02,1.130832e+02,5.531044e+01,5.422683e+01
1.632702e+02,1.082320e+02,5.525969e+01,5.417669e+01
1.614249e+02,1.044181e+02,5.593839e+01,5.484215e+01
1.609610e+02,1.011424e+02,5.338477e+01,5.233923e+01
1.582931e+02,9.679706e+01,5.484409e+01,5.376890e+01
1.575733e+02,9.532123e+01,5.375241e+01,5.269945e+01
1.547440e+02,9.072148e+01,5.572549e+01,5.463284e+01
1.519548e+02,8.910032e+01,5.555065e+01,5.446143e+01
1.495061e+02,8.786090e+01,5.528528e+01,5.420132e+01
1.483905e+02,8.636458e+01,5.591306e+01,5.481674e+01
1.448702e+02,8.742487e+01,5.517509e+01,5.409327e+01
1.425531e+02,8.691452e+01,5.635059e+01,5.524579e+01
1.409681e+02,8.704575e+01,5.529146e+01,5.420848e+01
1.373313e+02,8.810986e+01,5.615930e+01,5.505877e+01
1.361690e+02,8.798561e+01,5.595911e+01,5.486207e+01
1.333467e+02,8.944840e+01,5.532375e+01,5.423977e+01
1.296693e+02,8.968501e+01,5.730166e+01,5.617848e+01
1.260444e+02,9.361890e+01,5.480953e+01,5.373513e+01
1.239733e+02,9.486505e+01,5.188259e+01,5.086559e+01
1.207752e+02,9.628225e+01,5.385453e+01,5.279951e+01
1.177579e+02,1.007035e+02,5.107505e+01,5.007395e+01
1.125807e+02,9.917030e+01,5.871813e+01,5.756740e+01
1.108811e+02,1.057070e+02,5.172761e+01,5.071366e+01
1.073632e+02,1.092088e+02,5.135091e+01,5.034435e+01
1.053709e+02,1.094458e+02,5.649769e+01,5.539009e+01
1.054732e+02,1.153374e+02,4.935715e+01,4.839018e+01
1.024797e+02,1.180447e+02,5.059758e+01,4.960589e+01
1.021695e+02,1.210014e+02,5.023976e+01,4.925536e+01
1.014518e+02,1.240460e+02,5.052748e+01,4.953712e+01
1.016256e+02,1.226066e+02,5.555643e+01,5.446719e+01
1.025800e+02,1.286442e+02,4.990545e+01,4.892723e+01
1.038971e+02,1.265582e+02,5.383757e+01,5.278275e+01
1.041905e+02,1.248216e+02,5.351255e+01,5.246385e+01
1.021627e+02,1.274780e+02,5.355842e+01,5.250940e+01
1.041904e+02,1.265049e+02,5.383238e+01,5.277756e+01
1.018531e+02,1.292703e+02,5.360912e+01,5.255903e+01
1.002174e+02,1.307082e+02,5.837414e+01,5.722998e+01
1.007887e+02,1.305013e+02,5.353553e+01,5.248701e+01
9.950827e+01,1.310820e+02,5.407599e+01,5.301656e+01
9.874961e+01,1.380861e+02,5.281949e+01,5.178462e+01
9.644074e+01,1.398990e+02,5.572643e+01,5.463376e+01
9.625160e+01,1.385673e+02,5.575192e+01,5.465908e+01
9.587460e+01,1.375909e+02,5.682230e+01,5.570934e+01
9.590161e+01,1.381414e+02,5.586711e+01,5.477184e+01
9.638586e+01,1.392206e+02,5.610053e+01,5.500069e+01
9.619111e+01,1.410260e+02,5.549120e+01,5.440337e+01
9.487452e+01,1.373346e+02,5.793713e+01,5.680232e+01
9.519118e+01,1.337224e+02,5.452942e+01,5.346021e+01
9.251657e+01,1.276401e+02,6.072022e+01,5.953103e+01
9.428332e+01,1.280674e+02,5.638505e+01,5.527995e+01
9.745940e+01,1.382679e+02,5.453759e+01,5.346905e+01
9.642415e+01,1.393521e+02,5.582064e+01,5.472611e+01
9.753473e+01,1.380263e+02,5.541586e+01,5.433009e+01
9.752861e+01,1.390274e+02,5.435454e+01,5.328983e+01
9.704867e+01,1.397242e+02,5.521255e+01,5.413057e+01
9.761488e+01,1.405944e+02,5.407737e+01,5.301731e+01
9.758765e+01,1.391845e+02,5.429464e+01,5.323043e+01
9.690821e+01,1.388248e+02,5.542315e+01,5.433749e+01
9.830718e+01,1.391006e+02,5.380668e+01,5.275197e+01
9.801226e+01,1.391237e+02,5.409856e+01,5.303873e+01
9.700956e+01,1.388548e+02,5.489917e+01,5.382277e+01
9.738965e+01,1.390546e+02,5.509594e+01,5.401565e+01
9.643267e+01,1.381047e+02,5.544943e+01,5.436386e+01
9.786497e+01,1.400399e+02,5.398564e+01,5.292761e+01
9.672249e+01,1.391008e+02,5.503946e+01,5.396040e+01
9.654818e+01,1.382613e+02,5.546597e+01,5.437868e+01
9.674190e+01,1.396707e+02,5.469887e+01,5.362646e+01
9.664820e+01,1.390170e+02,5.567155e+01,5.458015e+01
9.586929e+01,1.385994e+02,5.613025e+01,5.503031e+01
9.759709e+01,1.401534e+02,5.420085e+01,5.313896e+01
9.719908e+01,1.382228e+02,5.513690e+01,5.405601e+01
9.721736e+01,1.387459e+02,5.507961e+01,5.400019e+01
9.706123e+01,1.391429e+02,5.540453e+01,5.431853e+01
9.697238e+01,1.379872e+02,5.560793e+01,5.451760e+01
9.629932e+01,1.384832e+02,5.558910e+01,5.449943e+01
9.698079e+01,1.396040e+02,5.460035e+01,5.353079e+01
9.700299e+01,1.390976e+02,5.530220e+01,5.422019e+01
9.645574e+01,1.391047e+02,5.562455e+01,5.453583e+01
9.717636e+01,1.396009e+02,5.481808e+01,5.374332e+01
9.679952e+01,1.396963e+02,5.520244e+01,5.412048e+01
9.672052e+01,1.387577e+02,5.599789e+01,5.489991e+01
9.657317e+01,1.390501e+02,5.573719e+01,5.464475e+01
9.662866e+01,1.390042e+02,5.537781e+01,5.429203e+01
9.684324e+01,1.388514e+02,5.578365e+01,5.468988e+01
9.724858e+01,1.398252e+02,5.439399e+01,5.332997e+01
9.728631e+01,1.388171e+02,5.502401e+01,5.394510e+01
9.661132e+01,1.392591e+02,5.574985e+01,5.465672e+01
9.704212e+01,1.394666e+02,5.497297e+01,5.389507e+01
9.670672e+01,1.388338e+02,5.551883e+01,5.443028e+01
9.703386e+01,1.392941e+02,5.534320e+01,5.425804e+01
9.660039e+01,1.394596e+02,5.516958e+01,5.408786e+01
9.661746e+01,1.393706e+02,5.543696e+01,5.434997e+01
9.695428e+01,1.390210e+02,5.562265e+01,5.453207e+01
9.694019e+01,1.391197e+02,5.543823e+01,5.435125e+01
9.749577e+01,1.397763e+02,5.474346e+01,5.367008e+01
9.702060e+01,1.396106e+02,5.515720e+01,5.407568e+01
9.714293e+01,1.390722e+02,5.523654e+01,5.415347e+01
9.742986e+01,1.398799e+02,5.462126e+01,5.355029e+01
9.673543e+01,1.393090e+02,5.527328e+01,5.418951e+01
9.714070e+01,1.392588e+02,5.492113e+01,5.384431e+01
9.716306e+01,1.391653e+02,5.517412e+01,5.409228e+01
9.762768e+01,1.391078e+02,5.497564e+01,5.389770e+01
9.677800e+01,1.387391e+02,5.561760e+01,5.452707e+01
9.658853e+01,1.389375e+02,5.573493e+01,5.464210e+01
9.613825e+01,1.380301e+02,5.668357e+01,5.557213e+01
9.633879e+01,1.391773e+02,5.582110e+01,5.472657e+01
9.639455e+01,1.385942e+02,5.596626e+01,5.486888e+01
9.653009e+01,1.388041e+02,5.570225e+01,5.461008e+01
9.613296e+01,1.384060e+02,5.629318e+01,5.518940e+01
9.592247e+01,1.378496e+02,5.666758e+01,5.555645e+01
9.713019e+01,1.388463e+02,5.536944e+01,5.428378e+01
9.589413e+01,1.385365e+02,5.642297e+01,5.531668e+01
9.662921e+01,1.385068e+02,5.595417e+01,5.485704e+01
9.601004e+01,1.382579e+02,5.658005e+01,5.547068e+01
9.640852e+01,1.390050e+02,5.562177e+01,5.453115e+01
9.648833e+01,1.388600e+02,5.551199e+01,5.442352e+01
9.682045e+01,1.388510e+02,5.562242e+01,5.453179e+01
9.673164e+01,1.389516e+02,5.569477e+01,5.460276e+01
9.654565e+01,1.393112e+02,5.586697e+01,5.477156e+01
9.693741e+01,1.390323e+02,5.556114e+01,5.447171e+01
9.728975e+01,1.393036e+02,5.468893e+01,5.361661e+01
9.738748e+01,1.390762e+02,5.481545e+01,5.374065e+01
9.607113e+01,1.383194e+02,5.647313e+01,5.536595e+01
9.706150e+01,1.390744e+02,5.543839e+01,5.435139e+01
9.622167e+01,1.383312e+02,5.622746e+01,5.512496e+01
9.711351e+01,1.389802e+02,5.556633e+01,5.447680e+01
9.629240e+01,1.388889e+02,5.621057e+01,5.510843e+01
9.643432e+01,1.388815e+02,5.595614e+01,5.485896e+01
9.705855e+01,1.398318e+02,5.507850e+01,5.399855e+01
9.705351e+01,1.391559e+02,5.516517e+01,5.408351e+01
9.751468e+01,1.393812e+02,5.462941e+01,5.355825e+01
9.699803e+01,1.390580e+02,5.549016e+01,5.440212e+01
9.754600e+01,1.394323e+02,5.456785e+01,5.349790e+01
9.667981e+01,1.388281e+02,5.568440e+01,5.459261e+01
9.678944e+01,1.388894e+02,5.592403e+01,5.482754e+01
9.667046e+01,1.386231e+02,5.581847e+01,5.472399e+01
9.691479e+01,1.392143e+02,5.532662e+01,5.424178e+01
9.665698e+01,1.387674e+02,5.557888e+01,5.448911e+01
9.707210e+01,1.396526e+02,5.516146e+01,5.407987e+01
9.689721e+01,1.395964e+02,5.525249e+01,5.416928e+01
9.692354e+01,1.392281e+02,5.524389e+01,5.416080e+01
9.655407e+01,1.387195e+02,5.554356e+01,5.445460e+01
9.703165e+01,1.394882e+02,5.499036e+01,5.391220e+01
9.665108e+01,1.385295e+02,5.573844e+01,5.464559e+01
9.654520e+01,1.385865e+02,5.587977e+01,5.478416e+01
9.640238e+01,1.386387e+02,5.602280e+01,5.492439e+01
9.648109e+01,1.390079e+02,5.545460e+01,5.436739e+01
9.697526e+01,1.393260e+02,5.506553e+01,5.398599e+01
9.668327e+01,1.392133e+02,5.572388e+01,5.463147e+01
9.632749e+01,1.382450e+02,5.613027e+01,5.502985e+01
9.651401e+01,1.384576e+02,5.591002e+01,5.481377e+01
9.713945e+01,1.395592e+02,5.498866e+01,5.391050e+01
9.646246e+01,1.389193e+02,5.594556e+01,5.484862e+01
9.690371e+01,1.390890e+02,5.566590e+01,5.457444e+01
9.658839e+01,1.386140e+02,5.606185e+01,5.496261e+01
9.689130e+01,1.392072e+02,5.549969e+01,5.441179e+01
9.684905e+01,1.388612e+02,5.561572e+01,5.452525e+01
9.656054e+01,1.386403e+02,5.612220e+01,5.502177e+01
9.705655e+01,1.392555e+02,5.539272e+01,5.430659e+01
9.608651e+01,1.384102e+02,5.669163e+01,5.558008e+01
9.668830e+01,1.387809e+02,5.589165e+01,5.479584e+01
9.711258e+01,1.388957e+02,5.539866e+01,5.431243e+01
9.653031e+01,1.386996e+02,5.564948e+01,5.455851e+01
9.677362e+01,1.387451e+02,5.601174e+01,5.491369e+01
9.730686e+01,1.391215e+02,5.491903e+01,5.384219e+01
9.702214e+01,1.388440e+02,5.528489e+01,5.420087e+01
9.671694e+01,1.383101e+02,5.597425e+01,5.487687e+01
9.647812e+01,1.384579e+02,5.625414e+01,5.515136e+01
9.639457e+01,1.384281e+02,5.606128e+01,5.496230e+01
9.685708e+01,1.389558e+02,5.568203e+01,5.459062e+01
9.667238e+01,1.382874e+02,5.593835e+01,5.484171e+01
9.685524e+01,1.389789e+02,5.520209e+01,5.411972e+01
9.729240e+01,1.392429e+02,5.493772e+01,5.386060e+01
9.689249e+01,1.389673e+02,5.515419e+01,5.407278e+01
9.660210e+01,1.384844e+02,5.566849e+01,5.457705e+01
9.712072e+01,1.395207e+02,5.507208e+01,5.399231e+01
9.704571e+01,1.392754e+02,5.499971e+01,5.392142e+01
9.705089e+01,1.395153e+02,5.500861e+01,5.393004e+01
9.741448e+01,1.389836e+02,5.519324e+01,5.411117e+01
9.715819e+01,1.391769e+02,5.492140e+01,5.384454e+01
9.692323e+01,1.392173e+02,5.531323e+01,5.422871e+01
9.730862e+01,1.394533e+02,5.471510e+01,5.364229e+01
9.663832e+01,1.386719e+02,5.567684e+01,5.458528e+01
9.696386e+01,1.391258e+02,5.540490e+01,5.431866e+01
9.656828e+01,1.388473e+02,5.573599e+01,5.464324e+01
9.648977e+01,1.383752e+02,5.601281e+01,5.491465e+01
9.618916e+01,1.386091e+02,5.634168e+01,5.523715e+01
9.656633e+01,1.384645e+02,5.567614e+01,5.458467e+01
9.682225e+01,1.387917e+02,5.540673e+01,5.432035e+01
9.680596e+01,1.390301e+02,5.547093e+01,5.438329e+01
9.664027e+01,1.386176e+02,5.593964e+01,5.484281e+01
9.655327e+01,1.386978e+02,5.550115e+01,5.441308e+01
9.669093e+01,1.387667e+02,5.546616e+01,5.437865e+01
9.656557e+01,1.388389e+02,5.600215e+01,5.490407e+01
9.697101e+01,1.393823e+02,5.540608e+01,5.431970e+01
9.651782e+01,1.388047e+02,5.601557e+01,5.491723e+01
9.609770e+01,1.382525e+02,5.684193e+01,5.572740e+01
9.653449e+01,1.384032e+02,5.600656e+01,5.490840e+01
9.654775e+01,1.383040e+02,5.620588e+01,5.510382e+01
9.744016e+01,1.394069e+02,5.489937e+01,5.382292e+01
9.648464e+01,1.386499e+02,5.577344e+01,5.467986e+01
9.665187e+01,1.387787e+02,5.584452e+01,5.474958e+01
9.682301e+01,1.391912e+02,5.522846e+01,5.414563e+01
9.670878e+01,1.385715e+02,5.611573e+01,5.501543e+01
9.661381e+01,1.385306e+02,5.571927e+01,5.462679e+01
9.710900e+01,1.384634e+02,5.556906e+01,5.447954e+01
9.701426e+01,1.389858e+02,5.564964e+01,5.455851e+01
9.681683e+01,1.393597e+02,5.561884e+01,5.452828e+01
9.653174e+01,1.391753e+02,5.578620e+01,5.469235e+01
9.689037e+01,1.389053e+02,5.532890e+01,5.424402e+01
9.715383e+01,1.394635e+02,5.514513e+01,5.406405e+01
9.670452e+01,1.390105e+02,5.551973e+01,5.443114e+01
9.684514e+01,1.388414e+02,5.577132e+01,5.467783e+01
9.674282e+01,1.391253e+02,5.563092e+01,5.454034e+01
9.667508e+01,1.386173e+02,5.571772e+01,5.462544e+01
9.678627e+01,1.391645e+02,5.553971e+01,5.445071e+01
9.668049e+01,1.393073e+02,5.566963e+01,5.457822e+01
9.694352e+01,1.390998e+02,5.555574e+01,5.446656e+01
9.642665e+01,1.384838e+02,5.631303e+01,5.520920e+01
9.697401e+01,1.389472e+02,5.550312e+01,5.441516e+01
9.624239e+01,1.383861e+02,5.589287e+01,5.479736e+01
9.661031e+01,1.390615e+02,5.556375e+01,5.447470e+01
9.620813e+01,1.384773e+02,5.614262e+01,5.504225e+01
9.663655e+01,1.390254e+02,5.582211e+01,5.472812e+01
9.627764e+01,1.387507e+02,5.634958e+01,5.524521e+01
9.716690e+01,1.391003e+02,5.513988e+01,5.405916e+01
9.651696e+01,1.387057e+02,5.566263e+01,5.457161e+01
9.673962e+01,1.389563e+02,5.583331e+01,5.473905e+01
9.677475e+01,1.390079e+02,5.563798e+01,5.454742e+01
9.660187e+01,1.383566e+02,5.581212e+01,5.471778e+01
9.681499e+01,1.393934e+02,5.515540e+01,5.407440e+01
9.699184e+01,1.391064e+02,5.507671e+01,5.399726e+01
9.667393e+01,1.389618e+02,5.530149e+01,5.421758e+01
9.703437e+01,1.384058e+02,5.539479e+01,5.430911e+01
9.709488e+01,1.393455e+02,5.487172e+01,5.379641e+01
9.638586e+01,1.385429e+02,5.566098e+01,5.456996e+01
9.613499e+01,1.381566e+02,5.632193e+01,5.521761e+01
9.755346e+01,1.397209e+02,5.428422e+01,5.322020e+01
9.766215e+01,1.399835e+02,5.420626e+01,5.314369e+01
9.797631e+01,1.397707e+02,5.419344e+01,5.313120e+01
9.764077e+01,1.393846e+02,5.440885e+01,5.334236e+01
